en655/en655_011_1db.cnv
* Sea-Bird SBE 9 Data File:
* FileName = D:\ctd\raw\EN655_011.hex
* Software Version Seasave V 7.26.7.121
* Temperature SN = 4130
* Conductivity SN = 2822
* Number of Bytes Per Scan = 40
* Number of Voltage Words = 5
* Number of Scans Averaged by the Deck Unit = 1
* NMEA Latitude = 40 13.46 N
* NMEA Longitude = 070 52.76 W
* NMEA UTC (Time) = Jul 27 2020  01:27:35
* NMEA baud rate = 4800
** Ship: R/V Endeavor
** Cruise: EN655
** Principal Investigator: Heidi Sosik
** Chief Scientist: Heidi Sosik
** Project: NES-LTER transect
** Dates: 25 - 30 Jul 2020
** Narragansett to Narragansett, Rhode Island
** Station:  L7
** Bottom Depth: 127
** Operator:
# nquan = 22
# nvalues = 205                         
# units = specified
# name 0 = latitude: Latitude [deg]
# name 1 = longitude: Longitude [deg]
# name 2 = t090C: Temperature [ITS-90, deg C]
# name 3 = c0S/m: Conductivity [S/m]
# name 4 = sal00: Salinity, Practical [PSU]
# name 5 = prDM: Pressure, Digiquartz [db]
# name 6 = depSM: Depth [salt water, m]
# name 7 = t190C: Temperature, 2 [ITS-90, deg C]
# name 8 = c1S/m: Conductivity, 2 [S/m]
# name 9 = sal11: Salinity, Practical, 2 [PSU]
# name 10 = CStarTr0: Beam Transmission, WET Labs C-Star [%]
# name 11 = flECO-AFL: Fluorescence, WET Labs ECO-AFL/FL [mg/m^3]
# name 12 = altM: Altimeter [m]
# name 13 = par: PAR/Irradiance, Biospherical/Licor [umol photons/m^2/sec]
# name 14 = sbeox0ML/L: Oxygen, SBE 43 [ml/l]
# name 15 = sbox0Mm/Kg: Oxygen, SBE 43 [umol/kg]
# name 16 = sbeox1ML/L: Oxygen, SBE 43, 2 [ml/l]
# name 17 = upoly0: Upoly 0, SUNA
# name 18 = spar: SPAR, Biospherical/Licor [umol photons/m^2/sec]
# name 19 = pumps: Pump Status
# name 20 = nbin: number of scans per bin
# name 21 = flag: flag
# span 0 =   40.22214,   40.22434       
# span 1 =  -70.87945,  -70.87626       
# span 2 =     8.6234,    23.5641       
# span 3 =   3.465864,   4.814374       
# span 4 =    32.3934,    51.5645       
# span 5 =      2.222,    126.674       
# span 6 =      2.204,    125.663       
# span 7 =     8.6776,    23.5661       
# span 8 =   3.472041,   4.814645       
# span 9 =    32.3948,    35.3596       
# span 10 =    64.7162,    88.0224      
# span 11 =     0.0453,     2.1259      
# span 12 =       0.22,      97.55      
# span 13 = 1.0000e-12, 7.2643e+00      
# span 14 =     0.1851,     7.1971      
# span 15 =     79.144,    313.551      
# span 16 =     4.0034,     7.0971      
# span 17 = -0.8403921,  11.680221      
# span 18 = 1.7005e+00, 1.7005e+00      
# span 19 =          1,          1      
# span 20 =         21,       1731      
# span 21 = 0.0000e+00, 0.0000e+00      
# interval = decibars: 1                
# start_time = Jul 27 2020 01:27:35 [NMEA time, header]
# bad_flag = -9.990e-29
*END*
[from data line 66]
   40.22382  -70.87872    11.5895   3.916786    34.5398     67.954     67.421    11.5890   3.916934    34.5417    87.0246     0.0941      65.76 1.0000e-12     5.1824    225.514     5.1983  4.5813984 1.7005e+00          1         27 0.0000e+00
   40.22380  -70.87870    11.6067   3.919190    34.5470     69.040     68.498    11.5996   3.918290    34.5446    87.0257     0.0863      61.99 1.0000e-12     5.1798    225.399     5.1747  4.5338254 1.7005e+00          1         74 0.0000e+00
   40.22380  -70.87870    11.6209   3.921288    34.5539     69.949     69.400    11.6146   3.920465    34.5517    87.0265     0.0925      61.88 1.0000e-12     5.1668    224.834     5.1589  4.2100979 1.7005e+00          1         31 0.0000e+00
   40.22378  -70.87870    11.6451   3.925028    34.5676     71.051     70.493    11.6446   3.854461    33.9117    87.0863     0.0824      64.44 1.0000e-12     5.1685    224.907     5.1936  3.6240076 1.7005e+00          1         34 0.0000e+00
   40.22378  -70.87868    11.6365   3.924598    34.5711     71.789     71.225    11.6357   3.924298    34.5689    87.0119     0.0796      58.51 1.0000e-12     5.1638    224.698     5.1606  4.6561341 1.7005e+00          1         61 0.0000e+00
   40.22378  -70.87867    11.7097   3.934757    34.6021     72.966     72.393    11.7066   3.934247    34.6000    87.0585     0.0710      59.70 1.0000e-12     5.1584    224.463     5.1728  4.5144616 1.7005e+00          1         35 0.0000e+00
   40.22376  -70.87866    11.7511   3.940901    34.6233     74.052     73.470    11.7423   3.939867    34.6213    87.0882     0.0721      56.50 1.0000e-12     5.1492    224.059     5.1556  4.2865752 1.7005e+00          1         58 0.0000e+00
   40.22376  -70.87866    11.7615   3.942673    34.6305     74.995     74.405    11.7596   3.942578    34.6314    87.0419     0.0646      56.06 1.0000e-12     5.1332    223.363     5.1498  4.7573903 1.7005e+00          1         40 0.0000e+00
   40.22376  -70.87865    11.7621   3.942931    34.6320     76.049     75.450    11.7602   3.942889    34.6333    87.0757     0.0689      55.29 1.0000e-12     5.1231    222.924     5.1263  4.1134711 1.7005e+00          1         42 0.0000e+00
   40.22374  -70.87864    11.7761   3.944952    34.6384     76.951     76.346    11.7691   3.944208    34.6376    87.0998     0.0735      52.79 1.0000e-12     5.1286    223.160     5.1397  4.3430310 1.7005e+00          1         63 0.0000e+00
   40.22374  -70.87864    11.7629   3.943948    34.6404     77.976     77.363    11.7617   3.943966    34.6417    87.0551     0.0649      52.79 1.0000e-12     5.1236    222.942     5.1367  4.9503495 1.7005e+00          1         47 0.0000e+00
   40.22374  -70.87864    11.8181   3.951319    34.6607     79.009     78.387    11.8115   3.950335    34.6572    87.0425     0.0732      52.05 1.0000e-12     5.1133    222.495     5.1207  4.7543360 1.7005e+00          1         40 0.0000e+00
   40.22373  -70.87862    11.9235   3.965613    34.7018     79.953     79.323    11.8803   3.959634    34.6836    87.1152     0.0643      49.89 1.0000e-12     5.1081    222.265     5.1235  4.5888323 1.7005e+00          1         63 0.0000e+00
   40.22372  -70.87860    11.9830   3.973537    34.7233     80.984     80.346    11.9788   3.972912    34.7210    87.1417     0.0621      50.16 1.0000e-12     5.0894    221.452     5.1111  5.1272193 1.7005e+00          1         36 0.0000e+00
   40.22372  -70.87860    12.0282   3.979686    34.7406     81.905     81.260    12.0129   3.977843    34.7370    87.1435     0.0650      47.82 1.0000e-12     5.0679    220.515     5.0822  4.5402710 1.7005e+00          1         73 0.0000e+00
   40.22370  -70.87860    12.0760   3.986193    34.7591     83.008     82.354    12.0710   3.985545    34.7574    87.1240     0.0740      48.50 1.0000e-12     5.0551    219.958     5.0771  5.4348799 1.7005e+00          1         32 0.0000e+00
   40.22370  -70.87858    12.1751   3.999744    34.7981     84.075     83.412    12.1413   3.994793    34.7815    87.2206     0.0667      46.14 1.0000e-12     5.0373    219.179     5.0742  5.5979619 1.7005e+00          1         57 0.0000e+00
   40.22370  -70.87858    12.2655   4.012710    34.8394     84.985     84.315    12.2627   4.012430    34.8392    87.3062     0.0687      45.19 1.0000e-12     5.0348    219.069     5.0562  4.9603375 1.7005e+00          1         46 0.0000e+00
   40.22368  -70.87858    12.2757   4.014173    34.8436     86.003     85.324    12.2721   4.013872    34.8441    87.2645     0.0678      43.87 1.0000e-12     5.0109    218.026     5.0407  5.0016522 1.7005e+00          1         54 0.0000e+00
   40.22368  -70.87856    12.3728   4.027237    34.8793     86.974     86.288    12.3568   4.024711    34.8697    87.3152     0.0677      42.76 1.0000e-12     4.9970    217.422     5.0171  3.9682690 1.7005e+00          1         45 0.0000e+00
   40.22367  -70.87856    12.6266   4.062175    34.9800     88.014     87.319    12.6001   4.058465    34.9689    87.4618     0.0713      41.93 1.0000e-12     4.9842    216.856     4.9960  5.0823298 1.7005e+00          1         55 0.0000e+00
   40.22366  -70.87854    12.7457   4.079011    35.0305     88.928     88.225    12.7220   4.074861    35.0127    87.6084     0.0770      40.73 1.0000e-12     4.9312    214.551     4.9451  5.9747972 1.7005e+00          1         48 0.0000e+00
   40.22366  -70.87854    12.9023   4.101320    35.0984     90.056     89.344    12.9007   4.101165    35.0984    87.8389     0.0753      40.67 1.0000e-12     4.9120    213.710     4.9309  5.5921569 1.7005e+00          1         36 0.0000e+00
   40.22366  -70.87854    12.9064   4.102688    35.1073     90.818     90.100    12.8927   4.100908    35.1031    87.8208     0.0737      38.25 1.0000e-12     4.8947    212.953     4.9206  5.4306305 1.7005e+00          1         73 0.0000e+00
   40.22365  -70.87852    12.9627   4.111220    35.1361     92.017     91.290    12.9593   4.110464    35.1320    87.9323     0.0692      39.51 1.0000e-12     4.8768    212.173     4.8898  5.9332242 1.7005e+00          1         27 0.0000e+00
   40.22364  -70.87852    12.9691   4.113212    35.1488     92.931     92.196    12.9639   4.112499    35.1468    87.9031     0.0604      36.74 1.0000e-12     4.8744    212.069     4.8847  5.7044885 1.7005e+00          1         75 0.0000e+00
   40.22364  -70.87850    12.9875   4.116400    35.1617     93.970     93.227    12.9852   4.116167    35.1616    87.9018     0.0612      36.83 1.0000e-12     4.8525    211.114     4.8571  5.8843081 1.7005e+00          1         29 0.0000e+00
   40.22363  -70.87850    13.0086   4.119627    35.1725     95.029     94.277    12.9982   4.118291    35.1694    87.9460     0.0681      34.44 1.0000e-12     4.8452    210.793     4.8636  5.5774896 1.7005e+00          1         73 0.0000e+00
   40.22362  -70.87850    13.0251   4.122512    35.1842     95.980     95.220    13.0226   4.122193    35.1836    87.9447     0.0644      33.60 1.0000e-12     4.8360    210.391     4.8628  6.2514494 1.7005e+00          1         39 0.0000e+00
   40.22362  -70.87850    13.0463   4.126499    35.2022     97.049     96.281    13.0437   4.126112    35.2008    87.9326     0.0699      33.19 1.0000e-12     4.8233    209.841     4.8445  6.2279545 1.7005e+00          1         39 0.0000e+00
   40.22362  -70.87849    13.0340   4.127022    35.2182     97.965     97.189    13.0358   4.126644    35.2129    87.8130     0.0662      30.95 1.0000e-12     4.7896    208.368     4.8117  5.7037054 1.7005e+00          1         65 0.0000e+00
   40.22360  -70.87848    13.1627   4.147670    35.2947     99.016     98.231    13.1541   4.145988    35.2867    87.9055     0.0723      30.48 1.0000e-12     4.7294    205.743     4.7713  5.7150448 1.7005e+00          1         38 0.0000e+00
   40.22360  -70.87848    13.2070   4.154218    35.3154    100.028     99.235    13.2027   4.153671    35.3142    87.9791     0.0608      28.99 1.0000e-12     4.6531    202.422     4.6628  6.7908712 1.7005e+00          1         53 0.0000e+00
   40.22360  -70.87848    13.2082   4.155049    35.3217    100.970    100.170    13.2068   4.154961    35.3222    87.9600     0.0573      28.04 1.0000e-12     4.5838    199.406     4.6113  7.3973766 1.7005e+00          1         44 0.0000e+00
   40.22358  -70.87846    13.1864   4.153324    35.3252    102.027    101.219    13.1922   4.153908    35.3253    87.8583     0.0531      26.93 1.0000e-12     4.5685    198.739     4.6032  7.4000193 1.7005e+00          1         57 0.0000e+00
   40.22358  -70.87846    13.1683   4.153047    35.3391    102.959    102.143    13.1701   4.153206    35.3389    87.8355     0.0559      26.11 1.0000e-12     4.5687    198.745     4.5864  7.7195109 1.7005e+00          1         51 0.0000e+00
   40.22358  -70.87845    13.1437   4.151344    35.3453    103.971    103.146    13.1439   4.151632    35.3479    87.7242     0.0519      25.33 1.0000e-12     4.5347    197.263     4.5533  7.4885108 1.7005e+00          1         35 0.0000e+00
   40.22358  -70.87844    13.1048   4.147667    35.3460    105.065    104.232    13.1114   4.148554    35.3483    87.6892     0.0481      23.71 1.0000e-12     4.4927    195.439     4.5103  8.3581962 1.7005e+00          1         60 0.0000e+00
   40.22356  -70.87844    13.0075   4.137788    35.3422    105.948    105.107    13.0191   4.139458    35.3473    87.3734     0.0528      22.64 1.0000e-12     4.4668    194.306     4.4908  9.0302225 1.7005e+00          1         42 0.0000e+00
   40.22356  -70.87842    12.9117   4.128364    35.3411    107.066    106.216    12.9166   4.129139    35.3440    87.0239     0.0584      22.42 1.0000e-12     4.4339    192.874     4.4482  9.2408262 1.7005e+00          1         35 0.0000e+00
   40.22356  -70.87842    12.8824   4.125470    35.3405    107.781    106.925    12.8870   4.126197    35.3432    86.8198     0.0491      20.59 1.0000e-12     4.3463    189.063     4.3567  8.9347472 1.7005e+00          1         73 0.0000e+00
   40.22354  -70.87842    12.8138   4.119450    35.3464    109.016    108.150    12.8135   4.119711    35.3492    86.3760     0.0545      20.71 1.0000e-12     4.3217    187.989     4.3455  9.0854915 1.7005e+00          1         28 0.0000e+00
   40.22354  -70.87841    12.7966   4.118229    35.3505    109.977    109.103    12.8002   4.118669    35.3512    86.1396     0.0581      18.66 1.0000e-12     4.2643    185.488     4.2655  9.0811879 1.7005e+00          1         73 0.0000e+00
   40.22354  -70.87840    12.7891   4.117672    35.3516    110.987    110.104    12.7884   4.117757    35.3531    85.9081     0.0465      17.95 1.0000e-12     4.2066    182.977     4.2375  9.9171158 1.7005e+00          1         32 0.0000e+00
   40.22352  -70.87840    12.7817   4.117388    35.3555    112.038    111.147    12.7844   4.117687    35.3558    85.6631     0.0523      16.35 1.0000e-12     4.2014    182.752     4.2261  10.019245 1.7005e+00          1         71 0.0000e+00
   40.22352  -70.87838    12.7800   4.117309    35.3559    112.960    112.062    12.7795   4.117419    35.3574    85.5967     0.0540      15.72 1.0000e-12     4.1824    181.927     4.2220  10.156690 1.7005e+00          1         32 0.0000e+00
   40.22351  -70.87838    12.7772   4.117180    35.3567    114.249    113.340    12.7765   4.117276    35.3582    85.4285     0.0534      14.25 1.0000e-12     4.1773    181.703     4.1990  10.570722 1.7005e+00          1         72 0.0000e+00
   40.22350  -70.87838    12.7781   4.117264    35.3564    114.936    114.021    12.7767   4.117298    35.3580    85.4319     0.0490      13.44 1.0000e-12     4.1729    181.510     4.1896  9.1202802 1.7005e+00          1         37 0.0000e+00
   40.22350  -70.87837    12.7759   4.117142    35.3568    116.075    115.151    12.7743   4.117171    35.3585    85.2892     0.0453      12.83 1.0000e-12     4.1733    181.531     4.1961  9.8124231 1.7005e+00          1         35 0.0000e+00
   40.22350  -70.87836    12.7755   4.117143    35.3568    116.805    115.875    12.7747   4.117222    35.3583    85.2687     0.0515      11.35 1.0000e-12     4.1702    181.393     4.1982  10.256380 1.7005e+00          1         72 0.0000e+00
   40.22350  -70.87836    12.7727   4.116971    35.3573    118.000    117.060    12.7724   4.117096    35.3588    85.1526     0.0512      10.74 1.0000e-12     4.1597    180.939     4.1918  10.875357 1.7005e+00          1         34 0.0000e+00
   40.22348  -70.87834    12.7696   4.116794    35.3580    119.031    118.083    12.7686   4.116854    35.3596    84.9494     0.0520       9.27 1.0000e-12     4.1603    180.962     4.1785  10.436867 1.7005e+00          1         52 0.0000e+00
   40.22348  -70.87834    12.7694   4.116808    35.3580    119.971    119.015    12.7684   4.116876    35.3595    84.9594     0.0459       8.18 1.0000e-12     4.1540    180.689     4.1746  10.084219 1.7005e+00          1         55 0.0000e+00
   40.22347  -70.87834    12.7694   4.116848    35.3579    120.970    120.006    12.7684   4.116913    35.3594    84.9377     0.0548       7.35 1.0000e-12     4.1467    180.374     4.1789  10.077199 1.7005e+00          1         39 0.0000e+00
   40.22346  -70.87833    12.7693   4.116879    35.3579    121.944    120.971    12.7684   4.116958    35.3594    84.8984     0.0582       6.22 1.0000e-12     4.1499    180.512     4.1802  10.358981 1.7005e+00          1         65 0.0000e+00
   40.22346  -70.87832    12.7697   4.116959    35.3579    122.980    121.999    12.7685   4.117009    35.3594    84.8741     0.0525       5.33 1.0000e-12     4.1515    180.579     4.1664  10.569851 1.7005e+00          1         37 0.0000e+00
   40.22344  -70.87832    12.7690   4.116952    35.3579    124.144    123.154    12.7682   4.117035    35.3594    84.7913     0.0497       3.93 1.0000e-12     4.1492    180.483     4.1780  10.587983 1.7005e+00          1         87 0.0000e+00
   40.22344  -70.87831    12.7690   4.116987    35.3579    125.015    124.017    12.7680   4.117051    35.3595    84.7345     0.0478       3.05 1.0000e-12     4.1518    180.595     4.1870  10.059009 1.7005e+00          1         53 0.0000e+00
   40.22335  -70.87822    12.7687   4.116980    35.3577    125.866    124.861    12.7678   4.117037    35.3591    84.7181     0.0556       1.98 5.0460e-07     4.1432    180.219     4.1631  10.637203 1.7005e+00          1        995 0.0000e+00
   40.22324  -70.87811    12.7681   4.116950    35.3577    126.674    125.663    12.7672   4.116987    35.3589    84.6498     0.0587       1.07 2.4105e-06     4.1402    180.090     4.1353  10.461118 1.7005e+00          1        486 0.0000e+00
   40.22322  -70.87807    12.7687   4.116976    35.3576    125.962    124.956    12.7675   4.116976    35.3588    84.5781     0.0611       1.66 1.0000e-12     4.1392    180.047     4.1117  10.259968 1.7005e+00          1         59 0.0000e+00
   40.22320  -70.87806    12.7686   4.116922    35.3576    125.056    124.058    12.7677   4.116951    35.3587    84.6235     0.0621       2.58 1.0000e-12     4.1348    179.854     4.1210  10.539132 1.7005e+00          1         47 0.0000e+00
   40.22320  -70.87806    12.7686   4.116860    35.3576    123.923    122.934    12.7677   4.116893    35.3586    84.5729     0.0523       3.67 1.0000e-12     4.1421    180.171     4.1075  10.329378 1.7005e+00          1         52 0.0000e+00
   40.22320  -70.87806    12.7690   4.116854    35.3574    123.143    122.161    12.7678   4.116860    35.3586    84.6436     0.0554       4.51 1.0000e-12     4.1430    180.211     4.1077  11.199921 1.7005e+00          1         61 0.0000e+00
   40.22318  -70.87804    12.7692   4.116822    35.3574    121.906    120.934    12.7684   4.116846    35.3584    84.7295     0.0668       5.65 1.0000e-12     4.1428    180.203     4.1105  10.423457 1.7005e+00          1         47 0.0000e+00
