en655/en655_010_1db.cnv
* Sea-Bird SBE 9 Data File:
* FileName = D:\ctd\raw\EN655_010.hex
* Software Version Seasave V 7.26.7.121
* Temperature SN = 4130
* Conductivity SN = 2822
* Number of Bytes Per Scan = 40
* Number of Voltage Words = 5
* Number of Scans Averaged by the Deck Unit = 1
* NMEA Latitude = 40 30.78 N
* NMEA Longitude = 070 52.84 W
* NMEA UTC (Time) = Jul 26 2020  19:03:43
* NMEA baud rate = 4800
** Ship: R/V Endeavor
** Cruise: EN655
** Principal Investigator: Heidi Sosik
** Chief Scientist: Heidi Sosik
** Project: NES-LTER transect
** Dates: 25 - 30 Jul 2020
** Narragansett to Narragansett, Rhode Island
** Station:
** Bottom Depth:
** Operator:
# nquan = 22
# nvalues = 69                          
# units = specified
# name 0 = latitude: Latitude [deg]
# name 1 = longitude: Longitude [deg]
# name 2 = t090C: Temperature [ITS-90, deg C]
# name 3 = c0S/m: Conductivity [S/m]
# name 4 = sal00: Salinity, Practical [PSU]
# name 5 = prDM: Pressure, Digiquartz [db]
# name 6 = depSM: Depth [salt water, m]
# name 7 = t190C: Temperature, 2 [ITS-90, deg C]
# name 8 = c1S/m: Conductivity, 2 [S/m]
# name 9 = sal11: Salinity, Practical, 2 [PSU]
# name 10 = CStarTr0: Beam Transmission, WET Labs C-Star [%]
# name 11 = flECO-AFL: Fluorescence, WET Labs ECO-AFL/FL [mg/m^3]
# name 12 = altM: Altimeter [m]
# name 13 = par: PAR/Irradiance, Biospherical/Licor [umol photons/m^2/sec]
# name 14 = sbeox0ML/L: Oxygen, SBE 43 [ml/l]
# name 15 = sbox0Mm/Kg: Oxygen, SBE 43 [umol/kg]
# name 16 = sbeox1ML/L: Oxygen, SBE 43, 2 [ml/l]
# name 17 = upoly0: Upoly 0, SUNA
# name 18 = spar: SPAR, Biospherical/Licor [umol photons/m^2/sec]
# name 19 = pumps: Pump Status
# name 20 = nbin: number of scans per bin
# name 21 = flag: flag
# span 0 =   40.50726,   40.51298       
# span 1 =  -70.88068,  -70.87639       
# span 2 =     8.3885,    25.1059       
# span 3 =   3.424361,   4.880734       
# span 4 =    31.7773,    54.3673       
# span 5 =      1.286,     91.701       
# span 6 =      1.276,     90.974       
# span 7 =     8.3324,    25.1043       
# span 8 =   3.418600,   4.880281       
# span 9 =    31.7784,    32.5194       
# span 10 =    79.3015,    83.5720      
# span 11 =     0.2079,     2.7272      
# span 12 =      43.28,      74.40      
# span 13 = 1.5784e+01, 1.6217e+03      
# span 14 =    -5.7255,     7.7762      
# span 15 =   -194.170,    338.887      
# span 16 =     4.8012,     7.6537      
# span 17 = -1.0747767,  0.9815475      
# span 18 = 2.0518e+03, 2.5568e+03      
# span 19 =          1,          1      
# span 20 =          1,       2715      
# span 21 = 0.0000e+00, 0.0000e+00      
# interval = decibars: 1                
# start_time = Jul 26 2020 19:03:43 [NMEA time, header]
# bad_flag = -9.990e-29
*END*
   40.51298  -70.88068    25.0281   4.872900    31.7815      2.752      2.730    25.0238   4.872622    31.7824    83.0010     0.2079      54.47 1.6217e+03     5.0164    219.444     4.8297 -0.0104157 2.4109e+03          1        371 0.0000e+00
   40.51282  -70.88043    25.0526   4.874826    31.7779      4.142      4.110    25.0518   4.874816    31.7784    82.9575     0.2423      58.62 1.1153e+03     5.0151    219.388     4.8434 -0.1593247 2.4443e+03          1        120 0.0000e+00
   40.51280  -70.88042    25.0606   4.875546    31.7773      4.997      4.959    25.0596   4.875630    31.7786    83.0852     0.2452      62.00 1.0020e+03     5.0111    219.217     4.8476  0.1195651 2.4097e+03          1         42 0.0000e+00
   40.51280  -70.88040    25.0532   4.875005    31.7783      5.762      5.717    25.0528   4.875027    31.7788    83.0835     0.2550      60.91 9.1389e+02     5.0161    219.436     4.8529 -0.1516889 2.1992e+03          1        104 0.0000e+00
   40.51278  -70.88039    24.9993   4.870896    31.7857      7.087      7.032    24.9993   4.871106    31.7873    83.0351     0.2659      72.26 7.7330e+02     5.0147    219.368     4.8741 -0.5980672 2.3958e+03          1         96 0.0000e+00
   40.51278  -70.88038    24.7987   4.856188    31.8189      8.033      7.971    24.8092   4.857695    31.8226    82.9043     0.2975      55.28 6.7893e+02     5.0479    220.801     4.8940  0.1267945 2.4250e+03          1         34 0.0000e+00
   40.51277  -70.88036    24.4636   4.831101    31.8709      8.900      8.831    24.4834   4.833353    31.8735    82.6462     0.3230      71.44 6.2719e+02     5.0618    221.380     4.9195 -0.4565115 2.4130e+03          1        100 0.0000e+00
   40.51276  -70.88034    23.5395   4.764544    32.0358     10.058      9.980    23.5698   4.767949    32.0396    82.8989     0.3347      70.83 5.5255e+02     5.1233    223.982     4.9856 -0.3770911 2.4195e+03          1         79 0.0000e+00
   40.51275  -70.88032    22.3137   4.669619    32.2078     10.944     10.860    22.4148   4.680006    32.2133    82.5438     0.3835      69.47 5.2613e+02     5.2927    231.282     5.1302  0.1232012 2.3806e+03          1         80 0.0000e+00
   40.51274  -70.88031    20.5612   4.511161    32.2758     12.225     12.130    20.7130   4.526211    32.2809    80.6546     0.5330      68.75 4.3308e+02     5.6135    245.172     5.4514 -1.0505912 2.4108e+03          1         79 0.0000e+00
   40.51273  -70.88028    19.9067   4.449990    32.2823     12.932     12.832    19.9203   4.454252    32.3069    80.5253     0.6037      67.71 4.1935e+02     6.0696    265.049     5.8321  0.0920215 2.3293e+03          1         48 0.0000e+00
   40.51272  -70.88027    17.3149   4.211307    32.3222     14.117     14.008    17.4581   4.228402    32.3541    80.1877     0.6781      58.24 3.6123e+02     6.3917    278.930     6.2510  0.0219434 2.4199e+03          1         92 0.0000e+00
   40.51272  -70.88026    15.8583   4.077898    32.3371     14.953     14.837    15.8960   4.084277    32.3626    80.8219     0.6527      65.49 3.2618e+02     7.0328    306.805     6.7563 -1.0711060 2.3940e+03          1         49 0.0000e+00
   40.51270  -70.88024    15.0147   4.000858    32.3429     15.999     15.875    15.1492   4.014085    32.3508    80.9059     0.6778      63.70 2.7950e+02     7.1514    311.920     6.9506 -0.1413971 2.4054e+03          1         92 0.0000e+00
   40.51269  -70.88022    13.9128   3.904089    32.3793     17.085     16.953    13.9832   3.912348    32.3962    81.8547     0.7162      68.51 2.4052e+02     7.3853    322.041     7.1421  0.0759083 2.4078e+03          1         62 0.0000e+00
   40.51268  -70.88020    12.7435   3.800607    32.4045     17.930     17.791    12.9960   3.825886    32.4269    81.7020     0.6697      61.95 2.2465e+02     7.4727    325.770     7.2793 -1.0718072 2.4233e+03          1         64 0.0000e+00
   40.51268  -70.88018    11.8393   3.720214    32.4154     19.015     18.867    12.0123   3.734976    32.4078    82.1286     0.7188      62.29 1.9501e+02     7.6033    331.406     7.3703 -0.6280278 2.4000e+03          1         89 0.0000e+00
   40.51267  -70.88017    11.1549   3.657336    32.3998     20.036     19.881    11.1843   3.661792    32.4177    82.1556     0.7358      60.26 1.6540e+02     7.6934    335.296     7.4995 -1.0747767 2.4106e+03          1         54 0.0000e+00
   40.51266  -70.88016    10.8339   3.625869    32.3715     20.965     20.802    10.8584   3.628947    32.3804    82.1591     0.7420      61.56 1.4626e+02     7.7004    335.593     7.5327 -0.5150357 2.3456e+03          1         77 0.0000e+00
   40.51266  -70.88014    10.7384   3.617926    32.3767     21.911     21.741    10.7555   3.619990    32.3821    82.3979     0.7693      57.67 1.3114e+02     7.7762    338.887     7.6428  0.1267425 2.4124e+03          1         69 0.0000e+00
   40.51265  -70.88012    10.5199   3.600842    32.3996     23.099     22.920    10.5289   3.602169    32.4049    82.8204     0.8215      56.70 1.1102e+02     7.7312    336.909     7.5867  0.1247542 2.3775e+03          1         59 0.0000e+00
   40.51264  -70.88012    10.3278   3.584150    32.4031     23.940     23.754    10.3452   3.586537    32.4115    82.5353     0.7477      55.49 9.9889e+01     7.6568    333.656     7.5309  0.1200415 2.3504e+03          1         58 0.0000e+00
   40.51264  -70.88010    10.1680   3.570724    32.4102     24.979     24.785    10.1733   3.571795    32.4162    82.5934     0.7800      55.47 8.7260e+01     7.7622    338.237     7.6537 -0.2409076 2.4268e+03          1         38 0.0000e+00
   40.51262  -70.88008     9.8765   3.544946    32.4102     25.869     25.668     9.9631   3.553598    32.4202    82.9918     0.8563      55.53 7.7728e+01     7.7120    336.034     7.5547 -0.1167248 2.3919e+03          1         76 0.0000e+00
   40.51262  -70.88008     9.6729   3.527314    32.4134     27.006     26.796     9.6791   3.528440    32.4193    82.9789     0.8979      57.79 6.5664e+01     7.5169    327.520     7.4448  0.1132746 2.4085e+03          1         40 0.0000e+00
   40.51262  -70.88006     9.5688   3.518168    32.4135     27.948     27.731     9.5914   3.520688    32.4189    82.4725     1.0828      54.24 5.6270e+01     7.3995    322.400     7.2693  0.1065763 2.3490e+03          1         79 0.0000e+00
   40.51260  -70.88004     9.4039   3.504568    32.4227     29.016     28.790     9.4078   3.505398    32.4277    82.0427     1.2025      51.22 4.5766e+01     7.3617    320.741     7.2975  0.1012896 2.2575e+03          1         46 0.0000e+00
   40.51260  -70.88004     9.2895   3.497130    32.4494     30.035     29.801     9.3107   3.498964    32.4491    81.8641     1.3794      49.19 4.0176e+01     7.3209    318.954     7.2281 -0.3492026 2.2510e+03          1         75 0.0000e+00
   40.51259  -70.88002     9.1889   3.488724    32.4538     30.882     30.642     9.2148   3.491560    32.4595    81.4275     1.6114      53.05 3.6905e+01     7.4031    322.530     7.3421  0.0966171 2.3130e+03          1         54 0.0000e+00
   40.51258  -70.88000     8.9727   3.470333    32.4598     32.026     31.777     9.0060   3.473267    32.4600    79.3015     2.5186      48.85 3.1399e+01     7.2801    317.157     7.1598  0.0950691 2.3771e+03          1         76 0.0000e+00
   40.51258  -70.87998     8.9248   3.467948    32.4783     33.094     32.837     8.9485   3.469945    32.4775    80.4412     2.4265      49.14 2.5945e+01     7.0732    308.136     7.0355  0.0937752 2.3797e+03          1         82 0.0000e+00
   40.51256  -70.87996     8.8142   3.458838    32.4843     33.991     33.727     8.8161   3.459983    32.4945    79.9313     2.7272      45.82 2.1982e+01     7.1963    313.493     7.1465 -0.7625558 2.4085e+03          1         40 0.0000e+00
   40.51256  -70.87996     8.8064   3.460452    32.5079     34.926     34.654     8.8198   3.460907    32.5003    80.8852     2.0407      44.39 1.8947e+01     7.0490    307.070     6.9712  0.1000623 2.4026e+03          1         66 0.0000e+00
   40.51254  -70.87996     8.7887   3.459275    32.4863     91.701     90.974     8.8003   3.460603    32.4895    81.8673     2.1367      43.49 1.8361e+01     7.0803    308.439     7.0638  0.0926578 2.4266e+03          1          1 0.0000e+00
   40.51027  -70.87814     8.3885   3.424361    32.5138     35.063     34.789     8.3529   3.421777    32.5194    81.8999     1.5546      43.28 1.5784e+01     6.4595    281.374     6.3095  0.9815475 2.3277e+03          1         78 0.0000e+00
   40.50976  -70.87772     8.4609   3.429524    32.5019     34.023     33.757     8.3324   3.418600    32.5055    82.1242     2.5008      44.16 1.9618e+01     6.2788    273.508     6.0839  0.4994598 2.4365e+03          1         69 0.0000e+00
   40.50938  -70.87750     8.9274   3.470744    32.5050     33.205     32.946     8.9228   3.470197    32.5035    80.6212     1.7951      45.36 2.1878e+01     7.0497    307.109     6.8240  0.0048640 2.3956e+03          1       2715 0.0000e+00
   40.50905  -70.87728     9.0272   3.479455    32.5047     32.095     31.845     9.0182   3.478512    32.5032    80.7657     1.8861      45.95 2.4150e+01     7.1353    310.843     6.9089 -0.2987232 2.2357e+03          1         86 0.0000e+00
   40.50903  -70.87726     9.0728   3.480912    32.4787     31.065     30.824     9.0564   3.480243    32.4868    80.8764     1.8602      47.07 2.7727e+01     7.1711    312.410     6.9400  0.1250523 2.2283e+03          1         99 0.0000e+00
   40.50901  -70.87726     9.1323   3.483758    32.4544     29.966     29.733     9.0952   3.482045    32.4705    80.0652     1.4158      50.25 3.1754e+01     7.2177    314.447     6.9577  0.1202454 2.0518e+03          1         93 0.0000e+00
   40.50899  -70.87724     9.2227   3.488109    32.4175     29.017     28.792     9.1765   3.485756    32.4353    80.6399     1.1115      51.48 4.0865e+01     7.1928    313.377     6.9671 -0.3113975 2.4394e+03          1         83 0.0000e+00
   40.50897  -70.87723     9.2834   3.492808    32.4114     28.013     27.795     9.1974   3.486732    32.4268    80.2086     1.0857      52.52 4.8276e+01     7.1548    311.727     6.9200  0.1248612 2.5568e+03          1         92 0.0000e+00
   40.50895  -70.87722     9.3984   3.501437    32.3964     27.056     26.846     9.3188   3.495004    32.4023    81.8797     1.0893      51.22 5.4238e+01     7.1746    312.596     6.9191  0.1228460 2.5556e+03          1         86 0.0000e+00
   40.50893  -70.87721     9.4801   3.508497    32.3954     26.037     25.835     9.3909   3.500376    32.3927    82.9260     0.9851      52.41 6.0003e+01     7.2229    314.707     6.9577 -0.1547819 2.4169e+03          1         79 0.0000e+00
   40.50891  -70.87720     9.7376   3.530417    32.3876     25.033     24.838     9.6450   3.522043    32.3856    83.1069     1.0742      55.71 6.2094e+01     7.3086    318.455     7.0233  0.0290722 2.3991e+03          1        110 0.0000e+00
   40.50886  -70.87717     9.9546   3.548545    32.3774     23.915     23.729     9.8947   3.543487    32.3799    83.0200     0.9535      55.05 7.7184e+01     7.4176    323.216     7.1816  0.1250131 2.3808e+03          1        118 0.0000e+00
   40.50870  -70.87709    10.3048   3.579065    32.3728     23.248     23.067    10.2932   3.577987    32.3722    83.0782     0.8766      56.67 8.1640e+01     7.6830    334.801     7.4197  0.0200699 2.2619e+03          1        563 0.0000e+00
   40.50830  -70.87690    10.3977   3.586610    32.3663     21.988     21.817    10.3860   3.585687    32.3675    83.0073     0.7874      55.75 1.0368e+02     7.7348    337.069     7.4758  0.1405874 2.4624e+03          1         65 0.0000e+00
   40.50829  -70.87690    10.4490   3.591055    32.3657     21.007     20.844    10.3995   3.586403    32.3630    83.0415     0.7398      56.90 1.1920e+02     7.7306    336.886     7.4566  0.1451002 2.4956e+03          1         53 0.0000e+00
   40.50828  -70.87688    10.7367   3.614403    32.3438     20.038     19.883    10.5760   3.600596    32.3487    82.9795     0.7149      58.03 1.3206e+02     7.7002    335.583     7.4874 -0.3304088 2.4765e+03          1         74 0.0000e+00
   40.50827  -70.87688    10.9289   3.631331    32.3426     18.985     18.838    10.8670   3.625390    32.3384    83.0094     0.6942      59.01 1.5407e+02     7.7642    338.385     7.4606  0.1449339 2.4965e+03          1         52 0.0000e+00
   40.50826  -70.87687    11.7628   3.702994    32.3147     18.026     17.886    11.2599   3.658535    32.3201    82.9517     0.6606      60.61 1.6730e+02     7.6439    333.196     7.4190  0.1483788 2.4304e+03          1         74 0.0000e+00
   40.50824  -70.87686    11.8546   3.713532    32.3381     16.936     16.804    11.8626   3.713184    32.3279    82.9059     0.6604      61.21 1.9748e+02     7.7008    335.678     7.4848  0.1490124 2.4502e+03          1         71 0.0000e+00
   40.50822  -70.87686    12.6972   3.785502    32.3020     16.009     15.885    12.0295   3.728766    32.3341    83.3476     0.5653      62.19 2.1884e+02     7.6477    333.422     7.3682 -0.3104053 2.5060e+03          1         56 0.0000e+00
   40.50821  -70.87686    13.5578   3.859106    32.2610     15.048     14.931    12.6232   3.779625    32.3100    83.5720     0.5827      63.40 2.2321e+02     7.4119    323.205     7.3589  0.0447791 2.2735e+03          1         74 0.0000e+00
   40.50820  -70.87684    11.3776   3.968355    42.4812     13.870     13.763    13.9744   3.897499    32.2672    83.2940     0.6805      64.73 2.7657e+02    -5.7255   -194.170     7.2491  0.1530173 2.3261e+03          1         84 0.0000e+00
   40.50818  -70.87684    15.6765   4.208574    54.3673     12.905     12.805    17.1134   4.176429    32.1840    81.0346     0.6844      65.54 3.0433e+02     2.1633    140.446     6.8387  0.0903083 2.2965e+03          1        104 0.0000e+00
   40.50791  -70.87670    20.2685   4.476927    32.2241     12.324     12.229    20.1884   4.468978    32.2209    80.5627     0.6213      65.44 3.3966e+02     6.0677    265.001     5.8576  0.0502365 2.4334e+03          1       1044 0.0000e+00
   40.50776  -70.87662    20.7020   4.517900    32.2234     10.926     10.842    20.5737   4.506276    32.2279    80.7208     0.5741      66.52 3.8809e+02     5.9180    258.493     5.7132  0.1555956 2.4642e+03          1         99 0.0000e+00
   40.50773  -70.87660    21.9121   4.623502    32.1483     10.034      9.957    21.5991   4.596076    32.1670    81.4620     0.5092      67.56 4.3370e+02     5.7542    251.433     5.6133  0.1552165 2.4076e+03          1         83 0.0000e+00
   40.50771  -70.87660    23.1643   4.725249    32.0112      9.018      8.948    22.4630   4.663844    32.0539    81.8770     0.3873      68.76 4.5561e+02     5.4802    239.568     5.4008 -0.2342567 2.3617e+03          1         91 0.0000e+00
   40.50770  -70.87659    24.3552   4.818142    31.8522      7.997      7.936    24.2395   4.807653    31.8568    82.4651     0.3473      70.21 5.3277e+02     5.1522    225.329     5.0706  0.1534296 2.3691e+03          1         97 0.0000e+00
   40.50768  -70.87658    23.5633   4.755085    31.9489      6.958      6.904    23.8647   4.781745    31.9320    82.7158     0.3372      70.96 6.2436e+02     5.1524    225.272     4.9636  0.1531892 2.4544e+03          1         55 0.0000e+00
   40.50766  -70.87657    24.7240   4.846097    31.7981      6.117      6.070    24.2195   4.806107    31.8604    82.7737     0.3137      72.05 7.1080e+02     5.1913    227.074     5.0038 -0.2986063 2.4813e+03          1         79 0.0000e+00
   40.50764  -70.87656    24.8527   4.858372    31.7978      5.066      5.027    24.7802   4.851851    31.8010    83.0380     0.2694      72.88 8.2817e+02     5.0520    220.990     4.8969  0.1553353 2.4148e+03          1         96 0.0000e+00
