en655/en655_013_1db.cnv
* Sea-Bird SBE 9 Data File:
* FileName = D:\ctd\raw\EN655_013.hex
* Software Version Seasave V 7.26.7.121
* Temperature SN = 4130
* Conductivity SN = 2822
* Number of Bytes Per Scan = 40
* Number of Voltage Words = 5
* Number of Scans Averaged by the Deck Unit = 1
* NMEA Latitude = 39 46.12 N
* NMEA Longitude = 070 46.81 W
* NMEA UTC (Time) = Jul 27 2020  14:59:27
* NMEA baud rate = 4800
** Ship: R/V Endeavor
** Cruise: EN655
** Principal Investigator: Heidi Sosik
** Chief Scientist: Heidi Sosik
** Project: NES-LTER transect
** Dates: 25 - 30 Jul 2020
** Narragansett to Narragansett, Rhode Island
** Station:  u11a
** Bottom Depth: 1714
** Operator:
** Transmissometer 399DR disconnected. Spikes and possible intermittent bad data on previous casts.
** Transmissometer 593DR installed and connected.
** V0 Transmissometer and V1 Fluorometer to SBE9+ cable swapped with previous one. There were modulo errors on the previous cast EN655_012
# nquan = 22
# nvalues = 516                         
# units = specified
# name 0 = latitude: Latitude [deg]
# name 1 = longitude: Longitude [deg]
# name 2 = t090C: Temperature [ITS-90, deg C]
# name 3 = c0S/m: Conductivity [S/m]
# name 4 = sal00: Salinity, Practical [PSU]
# name 5 = prDM: Pressure, Digiquartz [db]
# name 6 = depSM: Depth [salt water, m]
# name 7 = t190C: Temperature, 2 [ITS-90, deg C]
# name 8 = c1S/m: Conductivity, 2 [S/m]
# name 9 = sal11: Salinity, Practical, 2 [PSU]
# name 10 = CStarTr0: Beam Transmission, WET Labs C-Star [%]
# name 11 = flECO-AFL: Fluorescence, WET Labs ECO-AFL/FL [mg/m^3]
# name 12 = altM: Altimeter [m]
# name 13 = par: PAR/Irradiance, Biospherical/Licor [umol photons/m^2/sec]
# name 14 = sbeox0ML/L: Oxygen, SBE 43 [ml/l]
# name 15 = sbox0Mm/Kg: Oxygen, SBE 43 [umol/kg]
# name 16 = sbeox1ML/L: Oxygen, SBE 43, 2 [ml/l]
# name 17 = upoly0: Upoly 0, SUNA
# name 18 = spar: SPAR, Biospherical/Licor [umol photons/m^2/sec]
# name 19 = pumps: Pump Status
# name 20 = nbin: number of scans per bin
# name 21 = flag: flag
# span 0 =   39.76483,   39.76868       
# span 1 =  -70.78211,  -70.78021       
# span 2 =    10.4903,    25.7945       
# span 3 =   3.901215,   5.347247       
# span 4 =    33.2396,    90.4894       
# span 5 =      1.144,   6452.777       
# span 6 =      1.135,   6309.227       
# span 7 =    10.4569,    25.7938       
# span 8 =   3.897506,   7.498248       
# span 9 =    33.2434,   103.3226       
# span 10 =    83.0141,    88.3217      
# span 11 =    -0.0402,     1.9328      
# span 12 =       0.27,      77.65      
# span 13 = 1.0000e-12, 9.2192e+02      
# span 14 =     0.5584,     6.7876      
# span 15 =     94.196,    295.523      
# span 16 =     1.5496,     6.6692      
# span 17 = -0.9509064,  23.986107      
# span 18 = 2.2565e+03, 2.3740e+03      
# span 19 =          1,          1      
# span 20 =          1,       1225      
# span 21 = 0.0000e+00, 0.0000e+00      
# interval = decibars: 1                
# start_time = Jul 27 2020 14:59:27 [NMEA time, header]
# bad_flag = -9.990e-29
*END*
[from data line 198]
   39.76732  -70.78096    12.7440   4.143058    35.5990    200.993    199.360    12.7402   4.142728    35.5994    88.2108    -0.0188      44.93 6.1985e-06     3.4020    147.952     3.3596  16.543077 2.2627e+03          1         27 0.0000e+00
   39.76731  -70.78096    12.7528   4.144539    35.6045    202.004    200.363    12.7521   4.144724    35.6069    88.2082    -0.0054      23.83 1.0000e-12     3.3951    147.649     3.3519  15.983165 2.2609e+03          1         23 0.0000e+00
   39.76730  -70.78096    12.7237   4.141484    35.6022    203.014    201.364    12.7252   4.142036    35.6060    88.2229    -0.0190       0.46 6.9733e-06     3.3973    147.746     3.3443  15.611223 2.2599e+03          1         24 0.0000e+00
   39.76730  -70.78096    12.6926   4.138195    35.5995    203.993    202.334    12.6958   4.138943    35.6036    88.2155    -0.0168      18.99 1.0000e-12     3.3831    147.126     3.3219  15.101188 2.2597e+03          1         26 0.0000e+00
   39.76730  -70.78097    12.6550   4.134007    35.5942    204.946    203.279    12.6565   4.134589    35.5984    88.2066    -0.0118       3.46 1.0000e-12     3.3580    146.035     3.2834  15.939388 2.2598e+03          1         29 0.0000e+00
   39.76730  -70.78098    12.6178   4.129845    35.5888    205.978    204.302    12.6185   4.130366    35.5931    88.2232    -0.0236      24.14 6.6944e-06     3.3358    145.071     3.2520  16.655703 2.2599e+03          1         25 0.0000e+00
   39.76730  -70.78098    12.5383   4.120920    35.5774    207.012    205.327    12.5482   4.122834    35.5866    88.2223    -0.0171      47.61 1.3389e-05     3.3222    144.477     3.2427  17.739381 2.2599e+03          1         25 0.0000e+00
   39.76730  -70.78098    12.4460   4.110660    35.5651    208.008    206.314    12.4503   4.111579    35.5700    88.2418    -0.0093       0.34 5.9771e-06     3.3104    143.961     3.2287  16.872954 2.2599e+03          1         28 0.0000e+00
   39.76730  -70.78098    12.3658   4.101983    35.5566    209.006    207.304    12.3767   4.103833    35.5643    88.2346    -0.0041      19.18 1.0000e-12     3.3011    143.558     3.2235  16.912496 2.2590e+03          1         32 0.0000e+00
   39.76729  -70.78098    12.2921   4.093991    35.5486    209.963    208.252    12.2956   4.094972    35.5548    88.2376    -0.0113       0.44 1.0000e-12     3.2982    143.432     3.2200  17.531636 2.2582e+03          1         24 0.0000e+00
   39.76728  -70.78098    12.2439   4.089412    35.5494    210.955    209.237    12.2462   4.089878    35.5518    88.2480    -0.0223      38.49 1.0000e-12     3.2848    142.848     3.1977  17.823734 2.2592e+03          1         23 0.0000e+00
   39.76728  -70.78099    12.1460   4.078682    35.5375    212.004    210.276    12.1570   4.080677    35.5465    88.2308    -0.0168       8.90 1.0000e-12     3.2682    142.124     3.1655  18.712351 2.2611e+03          1         26 0.0000e+00
   39.76728  -70.78100    12.1123   4.074808    35.5314    213.021    211.284    12.1149   4.075414    35.5348    88.2434    -0.0169       0.47 4.9224e-06     3.2233    140.172     3.1218  17.713473 2.2608e+03          1         34 0.0000e+00
   39.76728  -70.78100    12.0494   4.067640    35.5208    214.018    212.272    12.0562   4.069174    35.5293    88.2585    -0.0219       0.33 1.7931e-05     3.1931    138.858     3.1121  17.343103 2.2572e+03          1         28 0.0000e+00
   39.76728  -70.78100    12.0192   4.064464    35.5181    215.047    213.292    12.0173   4.064414    35.5194    88.2509    -0.0095       0.31 7.6073e-06     3.1972    139.036     3.1214  18.154882 2.2565e+03          1         22 0.0000e+00
   39.76728  -70.78100    12.0104   4.063837    35.5199    216.015    214.252    12.0096   4.064064    35.5229    88.2362    -0.0025       0.50 7.9695e-06     3.1926    138.835     3.1164  17.941607 2.2581e+03          1         21 0.0000e+00
   39.76728  -70.78100    12.0087   4.063764    35.5203    217.033    215.262    12.0069   4.063794    35.5224    88.2577    -0.0148      22.03 1.0000e-12     3.2018    139.234     3.1227  18.380486 2.2605e+03          1         28 0.0000e+00
   39.76727  -70.78100    12.0075   4.063625    35.5198    218.004    216.224    12.0065   4.063796    35.5223    88.2478    -0.0199      17.51 9.5634e-06     3.1894    138.692     3.1034  19.219773 2.2616e+03          1         35 0.0000e+00
   39.76726  -70.78100    11.9878   4.061476    35.5171    218.984    217.196    11.9869   4.061770    35.5208    88.2362    -0.0191       0.38 6.4369e-06     3.1730    137.979     3.0916  18.772263 2.2616e+03          1         26 0.0000e+00
   39.76726  -70.78101    11.9640   4.058830    35.5134    219.993    218.196    11.9632   4.059072    35.5165    88.2420    -0.0224      24.55 6.6944e-06     3.1706    137.878     3.0911  19.327635 2.2604e+03          1         25 0.0000e+00
   39.76726  -70.78102    11.9514   4.057370    35.5107    220.990    219.184    11.9541   4.057998    35.5142    88.2477    -0.0098       0.36 2.0083e-05     3.1673    137.733     3.0828  19.607412 2.2599e+03          1         25 0.0000e+00
   39.76726  -70.78102    11.9297   4.054953    35.5072    221.988    220.174    11.9304   4.055392    35.5109    88.2526    -0.0139       0.37 1.0000e-12     3.1648    137.626     3.0869  18.817991 2.2582e+03          1         27 0.0000e+00
   39.76726  -70.78102    11.9180   4.053614    35.5049    222.986    221.163    11.9150   4.053644    35.5080    88.2452    -0.0174      23.35 1.0000e-12     3.1650    137.631     3.0866  18.496198 2.2582e+03          1         26 0.0000e+00
   39.76724  -70.78102    11.8718   4.048458    35.4979    223.972    222.140    11.8764   4.049472    35.5035    88.2500    -0.0174       0.41 1.0000e-12     3.1744    138.039     3.0944  18.462783 2.2582e+03          1         27 0.0000e+00
   39.76724  -70.78102    11.8095   4.041416    35.4878    224.967    223.127    11.8135   4.042367    35.4933    88.2352    -0.0234       0.57 6.1985e-06     3.1774    138.170     3.0993  19.151705 2.2594e+03          1         27 0.0000e+00
   39.76724  -70.78102    11.7800   4.038082    35.4828    225.980    224.131    11.7803   4.038397    35.4856    88.2398    -0.0156       0.44 5.7710e-06     3.1770    138.154     3.0965  19.181196 2.2615e+03          1         29 0.0000e+00
   39.76723  -70.78102    11.7662   4.036629    35.4813    226.973    225.115    11.7660   4.036904    35.4841    88.2513    -0.0189      20.53 1.0000e-12     3.1871    138.593     3.1057  19.334966 2.2629e+03          1         30 0.0000e+00
   39.76722  -70.78102    11.7567   4.035618    35.4799    227.974    226.107    11.7557   4.035826    35.4830    88.1341    -0.0195       0.34 1.0000e-12     3.1929    138.846     3.1029  19.431482 2.2610e+03          1         25 0.0000e+00
   39.76722  -70.78102    11.7364   4.033625    35.4793    228.962    227.087    11.7362   4.033901    35.4823    88.2520    -0.0111      24.59 1.5215e-05     3.1845    138.478     3.0984  19.053134 2.2584e+03          1         22 0.0000e+00
   39.76722  -70.78102    11.7285   4.033107    35.4813    229.975    228.090    11.7284   4.033266    35.4829    88.1632    -0.0275       0.39 1.3947e-05     3.1736    138.002     3.0922  18.553565 2.2594e+03          1         24 0.0000e+00
   39.76722  -70.78102    11.6608   4.026665    35.4821    231.010    229.117    11.6698   4.028220    35.4888    88.2561    -0.0234       0.52 1.0000e-12     3.1726    137.959     3.0906  19.118813 2.2613e+03          1         26 0.0000e+00
   39.76722  -70.78102    11.6169   4.021823    35.4760    232.039    230.137    11.6175   4.022212    35.4793    88.2716    -0.0235      13.05 5.5787e-06     3.1511    137.025     3.0428  19.910198 2.2633e+03          1         30 0.0000e+00
   39.76720  -70.78102    11.5869   4.018483    35.4713    233.020    231.109    11.5915   4.019526    35.4771    88.2744    -0.0187       8.20 5.9771e-06     3.0964    134.642     2.9802  20.346169 2.2609e+03          1         28 0.0000e+00
   39.76720  -70.78104    11.5244   4.011859    35.4652    234.039    232.120    11.5250   4.012250    35.4685    88.2674    -0.0162       0.48 6.6944e-06     3.0735    133.646     2.9892  20.180406 2.2582e+03          1         25 0.0000e+00
   39.76720  -70.78104    11.5106   4.010195    35.4616    235.011    233.083    11.5114   4.010628    35.4651    88.2479    -0.0220      23.74 6.4369e-06     3.0735    133.646     2.9981  19.743777 2.2594e+03          1         26 0.0000e+00
   39.76720  -70.78104    11.4838   4.007213    35.4573    235.933    233.996    11.4891   4.008196    35.4620    88.2669    -0.0110      24.01 1.0000e-12     3.0821    134.022     3.0041  20.708144 2.2628e+03          1         24 0.0000e+00
   39.76716  -70.78106    11.3113   3.988821    35.4370    243.985    241.978    11.3118   3.989170    35.4400    88.2518    -0.0174       1.76 5.9771e-06     3.0906    134.388     3.0024  20.816318 2.2621e+03          1         28 0.0000e+00
   39.76716  -70.78106    11.2963   3.987230    35.4351    245.006    242.990    11.2953   3.987390    35.4377    88.2669    -0.0205      21.46 5.9771e-06     3.0894    134.338     3.0081  19.866202 2.2666e+03          1         28 0.0000e+00
   39.76716  -70.78106    11.2793   3.985507    35.4339    246.004    243.978    11.2792   3.985753    35.4364    88.2536    -0.0252      19.77 1.0000e-12     3.0867    134.221     3.0030  19.477830 2.2663e+03          1         31 0.0000e+00
   39.76714  -70.78106    11.2700   3.984619    35.4335    246.962    244.928    11.2689   3.984743    35.4358    88.2576    -0.0242      21.03 1.1542e-05     3.0899    134.359     2.9955  20.452431 2.2640e+03          1         29 0.0000e+00
   39.76714  -70.78106    11.2625   3.983875    35.4330    247.990    245.947    11.2612   3.984009    35.4355    88.2288    -0.0174       0.58 6.9733e-06     3.0941    134.542     2.9975  20.848134 2.2619e+03          1         24 0.0000e+00
   39.76714  -70.78106    11.2432   3.981879    35.4312    249.026    246.975    11.2432   3.982241    35.4348    88.2528    -0.0208       0.52 1.6736e-05     3.0965    134.645     3.0130  20.553645 2.2590e+03          1         20 0.0000e+00
   39.76714  -70.78106    11.2297   3.980415    35.4291    250.004    247.943    11.2287   3.980546    35.4314    88.2402    -0.0181      26.46 7.6073e-06     3.0924    134.465     3.0141  20.287362 2.2582e+03          1         22 0.0000e+00
   39.76714  -70.78108    11.2163   3.978951    35.4270    250.974    248.905    11.2174   3.979362    35.4300    88.2393    -0.0287       1.29 1.6196e-05     3.0886    134.300     3.0092  20.217767 2.2601e+03          1         31 0.0000e+00
   39.76713  -70.78108    11.1663   3.973585    35.4212    251.958    249.880    11.1665   3.974085    35.4260    88.1802    -0.0402       0.36 1.0000e-12     3.0872    134.239     3.0104  20.334673 2.2611e+03          1         26 0.0000e+00
   39.76712  -70.78108    11.1037   3.967110    35.4164    252.985    250.898    11.1054   3.968020    35.4239    88.1766    -0.0373      30.01 1.0000e-12     3.0896    134.344     3.0021  20.891149 2.2606e+03          1         20 0.0000e+00
   39.76712  -70.78108    11.0540   3.962022    35.4131    254.017    251.921    11.0540   3.962306    35.4159    88.1932    -0.0216       3.61 1.0000e-12     3.0880    134.271     2.9962  20.902450 2.2639e+03          1         25 0.0000e+00
   39.76712  -70.78108    11.0277   3.959057    35.4083    255.029    252.924    11.0277   3.959327    35.4110    88.1951    -0.0191      15.60 4.9224e-06     3.0707    133.520     2.9760  20.686059 2.2682e+03          1         34 0.0000e+00
   39.76712  -70.78108    11.0017   3.956143    35.4038    255.945    253.832    11.0028   3.956743    35.4088    88.2007    -0.0234      31.73 1.0000e-12     3.0530    132.752     2.9564  20.190179 2.2673e+03          1         28 0.0000e+00
   39.76712  -70.78108    10.9236   3.948030    35.3975    256.954    254.832    10.9253   3.948684    35.4023    88.1945    -0.0236      24.94 6.9733e-06     3.0577    132.952     2.9702  21.288467 2.2654e+03          1         24 0.0000e+00
   39.76712  -70.78108    10.8772   3.943212    35.3935    258.007    255.875    10.8790   3.943776    35.3974    88.2061    -0.0232      10.65 1.0000e-12     3.0689    133.440     2.9899  21.731230 2.2629e+03          1         22 0.0000e+00
   39.76710  -70.78108    10.8451   3.939778    35.3896    258.992    256.852    10.8471   3.940360    35.3935    88.2082    -0.0232      26.23 1.0000e-12     3.0739    133.655     2.9990  21.657648 2.2608e+03          1         22 0.0000e+00
   39.76710  -70.78108    10.8134   3.936394    35.3857    259.993    257.844    10.8168   3.937146    35.3900    88.2092    -0.0174      25.66 1.0000e-12     3.0702    133.497     2.9844  21.724677 2.2616e+03          1         25 0.0000e+00
   39.76710  -70.78110    10.7501   3.929769    35.3799    261.017    258.859    10.7542   3.930605    35.3844    88.1931    -0.0153       0.49 5.9771e-06     3.0599    133.046     2.9589  21.205745 2.2655e+03          1         28 0.0000e+00
   39.76710  -70.78110    10.7092   3.925368    35.3747    262.004    259.837    10.7105   3.925882    35.3786    88.1990    -0.0168       0.40 1.0000e-12     3.0496    132.597     2.9560  21.840611 2.2668e+03          1         28 0.0000e+00
   39.76710  -70.78110    10.6830   3.922567    35.3715    263.009    260.834    10.6833   3.922896    35.3744    88.1992    -0.0171       0.39 1.0000e-12     3.0493    132.584     2.9534  21.913529 2.2680e+03          1         26 0.0000e+00
   39.76709  -70.78110    10.6663   3.920762    35.3690    263.995    261.810    10.6666   3.921063    35.3717    88.2082    -0.0201       0.37 6.1985e-06     3.0485    132.548     2.9593  22.431156 2.2709e+03          1         27 0.0000e+00
   39.76708  -70.78110    10.6490   3.918904    35.3667    264.648    262.458    10.6516   3.919532    35.3704    88.1942    -0.0223       0.36 1.0000e-12     3.0477    132.516     2.9700  21.347772 2.2734e+03          1         10 0.0000e+00
   39.76708  -70.78110    10.6424   3.920473    33.2396   6452.777   6309.227    10.6439   3.921014    33.2434    88.1848    -0.0245       0.34 1.0000e-12     6.7397    293.471     6.6090  21.350826 2.2736e+03          1          1 0.0000e+00
   39.76605  -70.78166    10.5325   3.905828    35.3473    265.064    262.870    10.5504   3.907740    35.3493    88.2181    -0.0137      14.38 3.8921e-06     3.0528    132.737     2.9747  22.386459 2.2876e+03          1         43 0.0000e+00
   39.76538  -70.78202    10.4903   3.901215    35.3420    264.030    261.845    10.4569   3.897506    35.3369    88.2252    -0.0020       0.40 1.1542e-05     3.0603    133.063     2.9823  22.646286 2.2974e+03          1         29 0.0000e+00
   39.76538  -70.78202    10.5498   3.907143    35.3447    263.038    260.862    10.5207   3.903889    35.3401    88.2339    -0.0077       0.36 1.0000e-12     3.0548    132.823     2.9671  23.561583 2.2958e+03          1         21 0.0000e+00
   39.76538  -70.78204    10.5839   3.910737    35.3485    262.007    259.840    10.5986   3.911436    35.3414    88.2356    -0.0098      38.12 9.2978e-06     3.0529    132.741     2.9627  23.003561 2.2940e+03          1         18 0.0000e+00
   39.76538  -70.78203    10.6198   3.914558    35.3527    261.001    258.843    10.6576   3.918054    35.3514    88.2500    -0.0130      30.01 1.0000e-12     3.0518    132.693     2.9669  23.373475 2.2928e+03          1         18 0.0000e+00
   39.76538  -70.78202    10.6231   3.914446    35.3489    259.943    257.795    10.6780   3.920763    35.3595    88.2367    -0.0067       0.34 1.0000e-12     3.0549    132.828     2.9674  23.890552 2.2915e+03          1         33 0.0000e+00
