en655/en655_013_1db.cnv
* Sea-Bird SBE 9 Data File:
* FileName = D:\ctd\raw\EN655_013.hex
* Software Version Seasave V 7.26.7.121
* Temperature SN = 4130
* Conductivity SN = 2822
* Number of Bytes Per Scan = 40
* Number of Voltage Words = 5
* Number of Scans Averaged by the Deck Unit = 1
* NMEA Latitude = 39 46.12 N
* NMEA Longitude = 070 46.81 W
* NMEA UTC (Time) = Jul 27 2020  14:59:27
* NMEA baud rate = 4800
** Ship: R/V Endeavor
** Cruise: EN655
** Principal Investigator: Heidi Sosik
** Chief Scientist: Heidi Sosik
** Project: NES-LTER transect
** Dates: 25 - 30 Jul 2020
** Narragansett to Narragansett, Rhode Island
** Station:  u11a
** Bottom Depth: 1714
** Operator:
** Transmissometer 399DR disconnected. Spikes and possible intermittent bad data on previous casts.
** Transmissometer 593DR installed and connected.
** V0 Transmissometer and V1 Fluorometer to SBE9+ cable swapped with previous one. There were modulo errors on the previous cast EN655_012
# nquan = 22
# nvalues = 516                         
# units = specified
# name 0 = latitude: Latitude [deg]
# name 1 = longitude: Longitude [deg]
# name 2 = t090C: Temperature [ITS-90, deg C]
# name 3 = c0S/m: Conductivity [S/m]
# name 4 = sal00: Salinity, Practical [PSU]
# name 5 = prDM: Pressure, Digiquartz [db]
# name 6 = depSM: Depth [salt water, m]
# name 7 = t190C: Temperature, 2 [ITS-90, deg C]
# name 8 = c1S/m: Conductivity, 2 [S/m]
# name 9 = sal11: Salinity, Practical, 2 [PSU]
# name 10 = CStarTr0: Beam Transmission, WET Labs C-Star [%]
# name 11 = flECO-AFL: Fluorescence, WET Labs ECO-AFL/FL [mg/m^3]
# name 12 = altM: Altimeter [m]
# name 13 = par: PAR/Irradiance, Biospherical/Licor [umol photons/m^2/sec]
# name 14 = sbeox0ML/L: Oxygen, SBE 43 [ml/l]
# name 15 = sbox0Mm/Kg: Oxygen, SBE 43 [umol/kg]
# name 16 = sbeox1ML/L: Oxygen, SBE 43, 2 [ml/l]
# name 17 = upoly0: Upoly 0, SUNA
# name 18 = spar: SPAR, Biospherical/Licor [umol photons/m^2/sec]
# name 19 = pumps: Pump Status
# name 20 = nbin: number of scans per bin
# name 21 = flag: flag
# span 0 =   39.76483,   39.76868       
# span 1 =  -70.78211,  -70.78021       
# span 2 =    10.4903,    25.7945       
# span 3 =   3.901215,   5.347247       
# span 4 =    33.2396,    90.4894       
# span 5 =      1.144,   6452.777       
# span 6 =      1.135,   6309.227       
# span 7 =    10.4569,    25.7938       
# span 8 =   3.897506,   7.498248       
# span 9 =    33.2434,   103.3226       
# span 10 =    83.0141,    88.3217      
# span 11 =    -0.0402,     1.9328      
# span 12 =       0.27,      77.65      
# span 13 = 1.0000e-12, 9.2192e+02      
# span 14 =     0.5584,     6.7876      
# span 15 =     94.196,    295.523      
# span 16 =     1.5496,     6.6692      
# span 17 = -0.9509064,  23.986107      
# span 18 = 2.2565e+03, 2.3740e+03      
# span 19 =          1,          1      
# span 20 =          1,       1225      
# span 21 = 0.0000e+00, 0.0000e+00      
# interval = decibars: 1                
# start_time = Jul 27 2020 14:59:27 [NMEA time, header]
# bad_flag = -9.990e-29
*END*
[from data line 330]
   39.76518  -70.78202    12.8173   4.149756    35.5981    192.027    190.471    12.7436   4.141695    35.5902    88.1823    -0.0030       0.44 1.0000e-12     3.3494    145.666     3.2718  16.882019 2.2940e+03          1         29 0.0000e+00
   39.76518  -70.78202    12.8371   4.152079    35.6021    191.001    189.454    12.8312   4.150845    35.5959    88.1933    -0.0028      27.99 7.6073e-06     3.3493    145.663     3.2496  16.999788 2.2931e+03          1         22 0.0000e+00
   39.76518  -70.78202    12.8714   4.155664    35.6046    190.012    188.474    12.9021   4.158568    35.6035    88.1901     0.0005       0.39 7.6073e-06     3.3524    145.800     3.2427  17.530132 2.2935e+03          1         22 0.0000e+00
   39.76518  -70.78202    12.9036   4.159145    35.6081    189.014    187.484    12.9261   4.161178    35.6064    88.1877    -0.0131      15.88 1.3947e-05     3.3643    146.315     3.2679  17.726349 2.2949e+03          1         24 0.0000e+00
   39.76518  -70.78202    12.9370   4.162603    35.6101    188.029    186.507    12.9365   4.162450    35.6092    88.1961    -0.0047      28.13 6.1985e-06     3.3773    146.882     3.3023  16.893760 2.2968e+03          1         27 0.0000e+00
   39.76518  -70.78202    12.9751   4.166608    35.6131    187.044    185.531    12.9404   4.162839    35.6097    88.2042    -0.0003      33.20 1.0000e-12     3.3863    147.275     3.3129  16.980472 2.2974e+03          1         23 0.0000e+00
   39.76517  -70.78202    12.9763   4.166716    35.6135    186.016    184.512    12.9768   4.166289    35.6089    88.2073    -0.0022      17.84 1.0000e-12     3.3980    147.783     3.2968  17.629629 2.2974e+03          1         24 0.0000e+00
   39.76516  -70.78202    13.0180   4.171310    35.6186    184.979    183.483    13.0506   4.174650    35.6198    88.1950    -0.0069       0.34 7.2765e-06     3.4056    148.112     3.2901  17.510332 2.2968e+03          1         23 0.0000e+00
   39.76516  -70.78202    13.0531   4.175033    35.6216    183.967    182.480    13.0546   4.175070    35.6205    88.1970    -0.0025       0.41 1.0000e-12     3.4170    148.610     3.3208  16.406470 2.2972e+03          1         25 0.0000e+00
   39.76516  -70.78202    13.0304   4.172653    35.6206    182.945    181.467    13.0139   4.171199    35.6223    88.2009     0.0057       0.42 4.7817e-06     3.4401    149.615     3.3608  17.460477 2.2984e+03          1         35 0.0000e+00
   39.76516  -70.78202    13.0741   4.176806    35.6196    182.036    180.565    13.0180   4.170587    35.6130    88.2043    -0.0049       0.53 1.0000e-12     3.4616    150.552     3.3669  17.139917 2.2981e+03          1         30 0.0000e+00
   39.76516  -70.78202    13.0831   4.177809    35.6211    181.022    179.560    13.0829   4.177358    35.6170    88.2043    -0.0045      33.61 1.8596e-05     3.4677    150.817     3.3420  16.750659 2.2965e+03          1         18 0.0000e+00
   39.76516  -70.78202    13.1039   4.180240    35.6252    180.024    178.570    13.1379   4.183293    35.6223    88.1760    -0.0071       0.36 1.0000e-12     3.4744    151.108     3.3288  16.572702 2.2957e+03          1         16 0.0000e+00
   39.76516  -70.78202    13.1429   4.184121    35.6261    178.978    177.534    13.1567   4.185083    35.6222    88.1749    -0.0002       0.40 1.0000e-12     3.4919    151.871     3.3515  16.095763 2.2957e+03          1         19 0.0000e+00
   39.76516  -70.78202    13.1426   4.183790    35.6237    177.918    176.482    13.1481   4.184367    35.6239    88.1861    -0.0002       0.36 1.0000e-12     3.5188    153.040     3.4381  16.290230 2.2964e+03          1         35 0.0000e+00
   39.76516  -70.78202    13.1320   4.182940    35.6258    177.079    175.651    13.1375   4.183276    35.6238    88.1854    -0.0009      16.72 1.0000e-12     3.5610    154.876     3.5102  15.766485 2.2974e+03          1         36 0.0000e+00
   39.76516  -70.78202    13.1283   4.181988    35.6207    175.998    174.579    13.1358   4.182776    35.6211    88.1769    -0.0060       0.33 7.9695e-06     3.5855    155.940     3.4855  16.093007 2.2965e+03          1         21 0.0000e+00
   39.76516  -70.78202    13.0094   4.165765    35.5780    174.978    173.567    12.9760   4.163170    35.5845    88.1761    -0.0075       0.51 1.0000e-12     3.5867    155.992     3.4815  16.406020 2.2957e+03          1         19 0.0000e+00
   39.76514  -70.78202    12.9684   4.160519    35.5667    174.001    172.599    12.8976   4.151055    35.5428    88.1960     0.0020      26.75 1.0000e-12     3.5709    155.308     3.4767  15.956606 2.2965e+03          1         23 0.0000e+00
   39.76514  -70.78202    12.9205   4.153974    35.5496    172.986    171.593    12.9066   4.152022    35.5440    88.1952     0.0078       0.36 1.3863e-04     3.5958    156.392     3.5228  15.250076 2.2976e+03          1         27 0.0000e+00
   39.76514  -70.78202    12.9059   4.151678    35.5418    172.005    170.620    12.9041   4.151586    35.5426    88.2018    -0.0005       0.33 1.9296e-04     3.6571    159.057     3.6056  15.628114 2.2987e+03          1         22 0.0000e+00
   39.76514  -70.78202    12.9397   4.155412    35.5461    170.998    169.621    12.9440   4.155361    35.5416    88.1899    -0.0003      26.62 2.1830e-05     3.6810    160.098     3.6167  15.467913 2.2970e+03          1         23 0.0000e+00
   39.76514  -70.78202    12.9580   4.157315    35.5476    169.988    168.620    13.0359   4.165282    35.5506    88.1947    -0.0039      23.37 4.2983e-04     3.7092    161.326     3.6015  15.189294 2.2952e+03          1         26 0.0000e+00
   39.76514  -70.78202    13.0248   4.165180    35.5604    169.024    167.663    13.0605   4.168474    35.5585    88.1926    -0.0001       0.31 3.4703e-04     3.7171    161.670     3.6250  14.542715 2.2948e+03          1         30 0.0000e+00
   39.76514  -70.78202    13.1441   4.177890    35.5702    168.033    166.681    13.1034   4.172907    35.5610    88.1890    -0.0004      31.62 1.0000e-12     3.7123    161.461     3.6478  14.224409 2.2971e+03          1         28 0.0000e+00
   39.76514  -70.78202    13.1668   4.180603    35.5753    166.995    165.652    13.1465   4.178090    35.5704    88.1778    -0.0003      31.16 2.2923e-04     3.7306    162.259     3.6501  14.692377 2.2983e+03          1         27 0.0000e+00
   39.76513  -70.78202    13.1940   4.183401    35.5768    165.967    164.632    13.1781   4.181463    35.5733    88.1695    -0.0044      27.19 1.2497e-03     3.7503    163.118     3.6558  13.841147 2.2978e+03          1         23 0.0000e+00
   39.76512  -70.78202    13.2149   4.185401    35.5767    164.975    163.649    13.2017   4.183884    35.5747    88.1707    -0.0076       0.43 1.9981e-03     3.7677    163.871     3.6678  13.679865 2.2965e+03          1         20 0.0000e+00
   39.76512  -70.78202    13.2301   4.187169    35.5797    163.999    162.682    13.2571   4.189324    35.5749    88.1645    -0.0055       0.36 6.2869e-03     3.7864    164.687     3.6678  14.585475 2.2962e+03          1         22 0.0000e+00
   39.76512  -70.78202    13.2735   4.191844    35.5839    162.986    161.677    13.3015   4.194357    35.5816    88.1543    -0.0013       0.43 1.0063e-02     3.7974    165.169     3.6737  14.016351 2.2987e+03          1         30 0.0000e+00
   39.76512  -70.78202    13.3925   4.204986    35.5977    162.024    160.723    13.3444   4.199184    35.5877    88.1568     0.0082      23.14 1.2752e-02     3.8014    165.342     3.6962  14.439807 2.2991e+03          1         26 0.0000e+00
   39.76512  -70.78202    13.4170   4.208050    35.6043    161.030    159.738    13.3938   4.204869    35.5959    88.1547     0.0016       0.42 1.1599e-02     3.8177    166.053     3.7038  14.537217 2.2991e+03          1         25 0.0000e+00
   39.76512  -70.78202    13.4626   4.213355    35.6123    160.023    158.739    13.4871   4.215302    35.6079    88.1641    -0.0013       0.34 1.7192e-02     3.8184    166.085     3.7037  14.330744 2.2991e+03          1         25 0.0000e+00
   39.76512  -70.78202    13.4955   4.216674    35.6135    159.030    157.754    13.4815   4.215287    35.6134    88.1552     0.0064       0.57 1.7275e-02     3.8187    166.095     3.7245  13.813260 2.2991e+03          1         23 0.0000e+00
   39.76512  -70.78202    13.5817   4.226177    35.6232    157.982    156.715    13.5567   4.222957    35.6162    88.1478     0.0000      23.56 2.3000e-02     3.8182    166.077     3.7150  12.999571 2.2991e+03          1         26 0.0000e+00
   39.76512  -70.78202    13.5992   4.227903    35.6236    156.969    155.711    13.6061   4.228288    35.6208    88.1514     0.0051       0.43 2.9176e-02     3.8248    166.366     3.7112  12.856252 2.2991e+03          1         26 0.0000e+00
   39.76512  -70.78202    13.6308   4.231032    35.6241    156.005    154.755    13.6059   4.228389    35.6223    88.1472    -0.0010       0.33 2.3824e-02     3.8328    166.713     3.7377  12.115740 2.2999e+03          1         25 0.0000e+00
   39.76512  -70.78202    13.6497   4.232655    35.6222    155.010    153.768    13.6289   4.230340    35.6198    88.1640    -0.0011       0.29 2.6593e-02     3.8431    167.162     3.7436  12.446266 2.3008e+03          1         26 0.0000e+00
   39.76510  -70.78202    13.6539   4.232933    35.6213    154.034    152.800    13.6726   4.234333    35.6171    88.1578    -0.0044      45.44 3.1131e-02     3.8620    167.984     3.7437  12.800952 2.2997e+03          1         27 0.0000e+00
   39.76510  -70.78202    13.6923   4.236949    35.6237    153.033    151.808    13.6814   4.235548    35.6207    88.1469    -0.0039      24.00 3.8869e-02     3.8880    169.116     3.7753  13.668000 2.3003e+03          1         26 0.0000e+00
   39.76510  -70.78202    13.7318   4.241287    35.6282    152.028    150.811    13.6963   4.236975    35.6207    88.1474     0.0041      35.18 4.0999e-02     3.9102    170.082     3.8077  12.970843 2.3008e+03          1         22 0.0000e+00
   39.76510  -70.78202    13.7676   4.245693    35.6368    151.022    149.813    13.7898   4.247157    35.6299    88.1378     0.0065      45.44 4.4369e-02     3.9185    170.442     3.8001  13.889920 2.3018e+03          1         22 0.0000e+00
   39.76510  -70.78202    13.7810   4.247251    35.6394    149.970    148.770    13.8453   4.254362    35.6464    88.1346     0.0051      22.51 4.5451e-02     3.9249    170.723     3.8024  13.472750 2.3025e+03          1         29 0.0000e+00
   39.76510  -70.78202    13.7984   4.249455    35.6443    149.002    147.810    13.7859   4.247959    35.6419    88.1292    -0.0054      20.05 4.6761e-02     3.9249    170.722     3.8184  12.989077 2.3025e+03          1         30 0.0000e+00
   39.76510  -70.78202    13.8561   4.255602    35.6488    148.002    146.819    13.8369   4.253236    35.6444    88.1419     0.0004       0.39 5.6082e-02     3.9130    170.204     3.7867  12.798690 2.3025e+03          1         23 0.0000e+00
   39.76510  -70.78202    13.8450   4.254176    35.6462    146.959    145.784    13.8423   4.253373    35.6412    88.1351     0.0118       0.48 5.9035e-02     3.9190    170.466     3.7848  12.913676 2.3028e+03          1         17 0.0000e+00
   39.76510  -70.78202    13.8377   4.252576    35.6384    145.969    144.803    13.8126   4.248949    35.6276    88.1331     0.0074      30.62 6.4348e-02     3.9269    170.813     3.7987  12.390936 2.3042e+03          1         20 0.0000e+00
   39.76510  -70.78202    13.8187   4.250335    35.6354    144.933    143.775    13.8072   4.248316    35.6271    88.1346     0.0022       0.41 6.8929e-02     3.9351    171.169     3.8276  12.154734 2.3042e+03          1         36 0.0000e+00
   39.76510  -70.78202    13.8109   4.249060    35.6311    144.085    142.935    13.8036   4.248015    35.6280    88.1219     0.0091       0.31 8.0976e-02     3.9551    172.039     3.8783  12.123780 2.3037e+03          1         31 0.0000e+00
   39.76510  -70.78202    13.7680   4.242844    35.6130    143.018    141.876    13.7807   4.244706    35.6187    88.1420     0.0048       0.37 8.3856e-02     3.9859    173.378     3.8844  12.155482 2.3034e+03          1         17 0.0000e+00
   39.76510  -70.78202    13.6868   4.231454    35.5818    142.012    140.879    13.6557   4.228322    35.5812    88.1404     0.0048       0.47 8.8588e-02     3.9983    173.918     3.8878  13.200843 2.3050e+03          1         18 0.0000e+00
   39.76509  -70.78202    13.6753   4.230076    35.5800    140.890    139.766    13.6400   4.224542    35.5608    88.1362    -0.0005      42.29 9.8990e-02     3.9988    173.941     3.9081  11.627510 2.3072e+03          1         29 0.0000e+00
   39.76508  -70.78201    13.6646   4.228210    35.5728    140.057    138.940    13.6599   4.227610    35.5715    88.1396     0.0054       0.43 1.0098e-01     4.0867    177.763     4.0289  11.929379 2.3069e+03          1         39 0.0000e+00
   39.76508  -70.78200    13.6589   4.226876    35.5660    138.963    137.855    13.6474   4.225256    35.5614    88.1317     0.0021      31.49 1.0724e-01     4.1560    180.778     4.0655  12.403234 2.3059e+03          1         19 0.0000e+00
   39.76508  -70.78200    13.6707   4.227374    35.5601    137.976    136.877    13.6801   4.227701    35.5544    88.1269    -0.0010      77.65 1.1044e-01     4.1541    180.699     4.0316  11.267450 2.3058e+03          1         15 0.0000e+00
   39.76508  -70.78201    13.6919   4.229151    35.5576    136.992    135.900    13.6995   4.229413    35.5530    88.1366     0.0029       2.14 1.1691e-01     4.1496    180.504     4.0269  10.660655 2.3070e+03          1         19 0.0000e+00
   39.76508  -70.78202    13.6858   4.228075    35.5536    135.911    134.828    13.6824   4.227342    35.5499    88.1321     0.0062      15.30 1.2191e-01     4.1811    181.872     4.0846  11.407850 2.3092e+03          1         41 0.0000e+00
   39.76508  -70.78200    13.6846   4.227931    35.5537    135.113    134.037    13.6879   4.228226    35.5534    88.1305     0.0092      19.31 1.2506e-01     4.2330    184.130     4.1576  11.806985 2.3080e+03          1         32 0.0000e+00
   39.76508  -70.78200    13.6476   4.222105    35.5337    133.981    132.915    13.6615   4.224602    35.5443    88.1404     0.0028       0.36 1.3312e-01     4.2507    184.903     4.1325  12.270968 2.3079e+03          1         18 0.0000e+00
   39.76508  -70.78202    13.5842   4.212328    35.5009    132.976    131.917    13.5855   4.212774    35.5039    88.1363    -0.0030       0.31 1.3666e-01     4.2627    185.427     4.1193  12.336467 2.3099e+03          1         15 0.0000e+00
   39.76508  -70.78202    13.5800   4.211529    35.4977    131.978    130.928    13.5608   4.208899    35.4907    88.1304    -0.0028       0.50 1.5051e-01     4.2619    185.393     4.1253  8.3074295 2.3120e+03          1         22 0.0000e+00
   39.76508  -70.78202    13.5606   4.208904    35.4914    130.964    129.922    13.5435   4.205327    35.4735    88.1268     0.0091       0.34 1.5779e-01     4.3381    188.708     4.2473  9.1667265 2.3127e+03          1         34 0.0000e+00
   39.76508  -70.78202    13.5640   4.209195    35.4913    130.030    128.996    13.5723   4.210457    35.4955    88.0205     0.0051       0.44 1.6591e-01     4.4460    193.401     4.3823  10.258501 2.3116e+03          1         30 0.0000e+00
   39.76508  -70.78202    13.5192   4.201732    35.4630    129.017    127.991    13.5217   4.202027    35.4635    88.1114    -0.0004      25.38 1.7936e-01     4.4760    194.709     4.3706  10.306862 2.3110e+03          1         24 0.0000e+00
   39.76508  -70.78202    13.5515   4.204619    35.4607    128.002    126.984    13.5819   4.207205    35.4569    88.1232    -0.0052       0.45 1.8865e-01     4.4673    194.333     4.3115  10.028153 2.3114e+03          1         24 0.0000e+00
