en655/en655_007_1db.cnv
* Sea-Bird SBE 9 Data File:
* FileName = D:\ctd\raw\EN655_007.hex
* Software Version Seasave V 7.26.7.121
* Temperature SN = 4130
* Conductivity SN = 2822
* Number of Bytes Per Scan = 40
* Number of Voltage Words = 5
* Number of Scans Averaged by the Deck Unit = 1
* NMEA Latitude = 40 41.74 N
* NMEA Longitude = 070 52.85 W
* NMEA UTC (Time) = Jul 26 2020  11:06:13
* NMEA baud rate = 4800
** Ship: R/V Endeavor
** Cruise: EN655
** Principal Investigator: Heidi Sosik
** Chief Scientist: Heidi Sosik
** Project: NES-LTER transect
** Dates: 25 - 30 Jul 2020
** Narragansett to Narragansett, Rhode Island
** Station:  L4
** Bottom Depth: 64
** Operator:
# nquan = 22
# nvalues = 122                         
# units = specified
# name 0 = latitude: Latitude [deg]
# name 1 = longitude: Longitude [deg]
# name 2 = t090C: Temperature [ITS-90, deg C]
# name 3 = c0S/m: Conductivity [S/m]
# name 4 = sal00: Salinity, Practical [PSU]
# name 5 = prDM: Pressure, Digiquartz [db]
# name 6 = depSM: Depth [salt water, m]
# name 7 = t190C: Temperature, 2 [ITS-90, deg C]
# name 8 = c1S/m: Conductivity, 2 [S/m]
# name 9 = sal11: Salinity, Practical, 2 [PSU]
# name 10 = CStarTr0: Beam Transmission, WET Labs C-Star [%]
# name 11 = flECO-AFL: Fluorescence, WET Labs ECO-AFL/FL [mg/m^3]
# name 12 = altM: Altimeter [m]
# name 13 = par: PAR/Irradiance, Biospherical/Licor [umol photons/m^2/sec]
# name 14 = sbeox0ML/L: Oxygen, SBE 43 [ml/l]
# name 15 = sbox0Mm/Kg: Oxygen, SBE 43 [umol/kg]
# name 16 = sbeox1ML/L: Oxygen, SBE 43, 2 [ml/l]
# name 17 = upoly0: Upoly 0, SUNA
# name 18 = spar: SPAR, Biospherical/Licor [umol photons/m^2/sec]
# name 19 = pumps: Pump Status
# name 20 = nbin: number of scans per bin
# name 21 = flag: flag
# span 0 =   40.68913,   40.69561       
# span 1 =  -70.88078,  -70.87941       
# span 2 =     7.8927,    24.3509       
# span 3 =   3.392438,   4.796119       
# span 4 =    31.6855,    35.7216       
# span 5 =      1.373,     62.004       
# span 6 =      1.362,     61.516       
# span 7 =     7.8918,    24.3494       
# span 8 =   3.392321,   4.796038       
# span 9 =    31.6848,    32.6497       
# span 10 =     0.0656,    84.8566      
# span 11 =     0.1489,     1.6459      
# span 12 =       3.65,      64.57      
# span 13 = 1.0000e-12, 4.0406e+02      
# span 14 =     2.7936,     7.8193      
# span 15 =    135.937,    340.735      
# span 16 =     4.9085,     7.6051      
# span 17 = -0.6176374,  6.8514639      
# span 18 = 4.5085e+02, 1.2996e+03      
# span 19 =          1,          1      
# span 20 =         36,       4801      
# span 21 = 0.0000e+00, 0.0000e+00      
# interval = decibars: 1                
# start_time = Jul 26 2020 11:06:13 [NMEA time, header]
# bad_flag = -9.990e-29
*END*
[from data line 66]
   40.69358  -70.88024     7.9150   3.393700    32.6187     56.117     55.676     7.9018   3.394048    32.6348    71.4338     0.2123       9.44 5.4098e-02     5.1360    223.688     5.0891  6.2835969 4.8524e+02          1         62 0.0000e+00
   40.69358  -70.88022     7.9203   3.393553    32.6128     54.976     54.544     7.9209   3.393451    32.6111    73.6125     0.1997      10.45 7.5871e-02     5.1326    223.541     5.0896  6.8514639 4.9359e+02          1         42 0.0000e+00
   40.69357  -70.88022     7.9354   3.393176    32.5951     53.974     53.550     7.9193   3.393499    32.6136    75.0038     0.2241      11.55 9.5297e-02     5.1396    223.848     5.0823  6.2774265 4.8519e+02          1         59 0.0000e+00
   40.69356  -70.88022     7.9415   3.393030    32.5883     53.062     52.645     7.9291   3.393210    32.6018    76.2201     0.2380      12.48 1.0855e-01     5.1411    223.918     5.0818  6.1046064 4.9792e+02          1         48 0.0000e+00
   40.69354  -70.88022     7.9647   3.392635    32.5630     51.955     51.547     7.9608   3.392564    32.5658    79.1802     0.2357      13.47 1.2678e-01     5.1502    224.319     5.0868  5.1500250 4.9413e+02          1         50 0.0000e+00
   40.69353  -70.88021     7.9653   3.392616    32.5627     51.010     50.610     7.9528   3.392674    32.5749    79.7516     0.2510      14.56 1.4669e-01     5.1652    224.970     5.0974  5.0067428 4.9023e+02          1         63 0.0000e+00
   40.69352  -70.88020     7.9724   3.392477    32.5550     49.983     49.591     7.9717   3.392358    32.5544    80.3401     0.2529      15.63 1.7565e-01     5.1763    225.457     5.0983  4.9988590 4.8948e+02          1         65 0.0000e+00
   40.69324  -70.88003     8.0127   3.392438    32.5175     49.320     48.934     8.0103   3.392321    32.5185    82.9968     0.3042      16.20 1.8338e-01     5.2503    228.687     5.1717  4.1615118 5.3839e+02          1       1539 0.0000e+00
   40.69236  -70.87972     8.0284   3.392775    32.5071     47.945     47.570     8.0272   3.392633    32.5067    80.0175     0.3853      17.00 2.4483e-01     5.2864    230.264     5.1557  4.6942038 1.2178e+03          1         96 0.0000e+00
   40.69235  -70.87973     8.0309   3.392827    32.5058     46.955     46.587     8.0292   3.392656    32.5055    80.1380     0.3762      17.97 2.8267e-01     5.2900    230.417     5.1591  4.2305540 8.7180e+02          1         63 0.0000e+00
   40.69234  -70.87974     8.0330   3.392949    32.5055     46.194     45.832     8.0289   3.392616    32.5058    80.1844     0.4152      18.82 3.1253e-01     5.2991    230.817     5.1505  3.9344249 1.0192e+03          1         73 0.0000e+00
   40.69233  -70.87974     8.0411   3.393567    32.5051     44.992     44.639     8.0507   3.394359    32.5046    80.5117     0.5060      20.02 3.7116e-01     5.3014    230.915     5.1788  4.4145413 9.5538e+02          1         80 0.0000e+00
   40.69232  -70.87974     8.0543   3.394647    32.5048     44.027     43.682     8.0543   3.394637    32.5047    80.9934     0.5690      21.00 4.1956e-01     5.3273    232.046     5.1987  3.8094436 9.5249e+02          1         90 0.0000e+00
   40.69230  -70.87974     8.1002   3.398473    32.5033     42.972     42.636     8.0893   3.397504    32.5031    82.1686     0.5997      22.04 4.8606e-01     5.3841    234.519     5.2247  3.3217467 9.6567e+02          1         79 0.0000e+00
   40.69229  -70.87974     8.1316   3.400591    32.4971     42.015     41.686     8.1064   3.398695    32.5003    83.7310     0.7106      22.98 5.5417e-01     5.4944    239.326     5.3166  3.4743076 9.1999e+02          1         67 0.0000e+00
   40.69225  -70.87974     8.1688   3.402535    32.4837     41.035     40.714     8.1210   3.399703    32.4979    84.4733     1.0914      24.03 6.3861e-01     5.5867    243.350     5.3765  2.1309587 9.1222e+02          1         98 0.0000e+00
   40.69192  -70.87975     8.3121   3.411906    32.4507     40.196     39.882     8.3077   3.411532    32.4509    84.8566     1.2160      24.96 6.8866e-01     5.9829    260.624     5.7939  0.6707073 9.7358e+02          1       3895 0.0000e+00
   40.69157  -70.87970     8.3196   3.412396    32.4495     39.029     38.724     8.3169   3.412106    32.4490    84.8149     1.1732      26.03 7.7072e-01     6.0050    261.585     5.8277  0.2098679 1.2520e+03          1         80 0.0000e+00
   40.69156  -70.87970     8.3215   3.412476    32.4491     38.060     37.763     8.3197   3.412259    32.4484    84.8551     1.2133      26.99 8.9253e-01     6.0082    261.726     5.8121  0.5076110 1.2390e+03          1         70 0.0000e+00
   40.69156  -70.87970     8.3272   3.412836    32.4481     36.877     36.588     8.3279   3.412795    32.4470    84.7942     1.2584      28.17 1.0678e+00     6.0151    262.025     5.8174  0.7025551 1.2012e+03          1         63 0.0000e+00
   40.69155  -70.87970     8.3844   3.416702    32.4366     36.088     35.807     8.3408   3.413643    32.4444    84.8534     1.4747      29.09 1.1905e+00     6.0210    262.289     5.8420  0.5718066 1.0977e+03          1         64 0.0000e+00
   40.69130  -70.87963     8.4810   3.423894    32.4237     35.341     35.065     8.4794   3.423697    32.4231    83.9132     1.5472      30.09 1.3636e+00     6.3849    278.147     6.1839 -0.0163114 1.2301e+03          1       2216 0.0000e+00
   40.69107  -70.87958     8.5017   3.425546    32.4226     34.000     33.734     8.4975   3.425152    32.4223    83.9838     1.5383      31.12 1.6789e+00     6.4142    279.423     6.2186 -0.4532439 1.2571e+03          1         63 0.0000e+00
   40.69105  -70.87958     8.5355   3.428331    32.4213     32.908     32.651     8.5171   3.426639    32.4205    83.9592     1.5768      32.48 1.9872e+00     6.4104    279.258     6.2090  0.0912820 1.1942e+03          1        111 0.0000e+00
   40.69102  -70.87958     8.5709   3.431360    32.4210     31.988     31.738     8.5620   3.430451    32.4196    83.9331     1.5774      33.38 2.3050e+00     6.4486    280.926     6.2442  0.0922336 1.2952e+03          1         72 0.0000e+00
   40.69100  -70.87958     8.6638   3.439271    32.4190     30.978     30.737     8.5652   3.430734    32.4201    83.8299     1.6459      34.51 2.6975e+00     6.4713    281.918     6.2232 -0.1861734 1.2355e+03          1        124 0.0000e+00
   40.69099  -70.87958     8.6667   3.439839    32.4228     29.991     29.757     8.6469   3.437798    32.4196    83.6757     1.5814      35.37 3.1052e+00     6.6225    288.503     6.2937  0.0918210 1.2962e+03          1         73 0.0000e+00
   40.69097  -70.87958     8.8129   3.452267    32.4191     29.110     28.883     8.7347   3.445362    32.4187    83.7195     1.4482      36.33 3.5186e+00     6.5535    285.507     6.3374  0.0909978 1.2786e+03          1         92 0.0000e+00
   40.69095  -70.87958     8.8776   3.457524    32.4153     28.046     27.828     8.8129   3.451834    32.4151    83.9239     1.1853      37.43 4.0589e+00     6.7695    294.920     6.4750 -0.2079103 1.2542e+03          1        113 0.0000e+00
   40.69094  -70.87958     8.9978   3.467613    32.4110     26.979     26.769     8.9646   3.464431    32.4082    83.5586     0.9002      38.45 4.8069e+00     6.9590    303.183     6.6741  0.0933291 1.1394e+03          1         91 0.0000e+00
   40.69091  -70.87956     9.0658   3.471205    32.3867     25.997     25.795     9.0529   3.471360    32.4001    80.8075     1.2751      39.51 5.6492e+00     6.9652    303.461     6.7201  0.0783669 1.2996e+03          1        109 0.0000e+00
   40.69090  -70.87956     9.0554   3.469846    32.3826     24.966     24.771     9.0676   3.471786    32.3916    81.8373     1.3416      40.45 6.7326e+00     6.5889    287.065     6.7033 -0.1981028 1.2307e+03          1        102 0.0000e+00
   40.69088  -70.87956     9.0864   3.471593    32.3729     24.059     23.871     9.0780   3.471573    32.3803    83.2804     1.4524      41.37 7.6819e+00     6.6923    291.573     6.4914  0.0934028 1.2815e+03          1         82 0.0000e+00
   40.69067  -70.87959    10.7910   3.621711    32.3639     23.378     23.196    10.7169   3.615034    32.3631    83.1632     1.1761      42.02 9.2145e+00     7.3425    319.997     7.0765 -0.0226879 1.2895e+03          1       2107 0.0000e+00
   40.69050  -70.87963    11.6679   3.700606    32.3731     22.030     21.859    11.6721   3.700225    32.3658    83.1614     0.9516      43.21 1.1605e+01     7.5229    327.902     7.2501  0.1259076 1.2565e+03          1         79 0.0000e+00
   40.69049  -70.87964    12.1580   3.740567    32.3346     20.973     20.810    12.3220   3.754905    32.3306    83.2650     1.0046      44.26 1.3199e+01     7.5886    330.806     7.3953  0.1270191 1.2423e+03          1         56 0.0000e+00
   40.69048  -70.87964    12.6390   3.781308    32.3102     20.046     19.890    12.5568   3.773985    32.3111    83.2111     1.1808      45.35 1.4960e+01     7.5311    328.335     7.2882 -0.3641040 1.2340e+03          1         66 0.0000e+00
   40.69048  -70.87964    13.1359   3.824510    32.2950     18.997     18.850    12.8321   3.797409    32.2982    82.5938     1.0301      46.41 1.7602e+01     7.5559    329.448     7.3507  0.0826618 1.2190e+03          1         55 0.0000e+00
   40.69048  -70.87964    13.2689   3.836983    32.2993     18.018     17.878    13.0690   3.816106    32.2731    82.5450     1.2341      47.50 1.9888e+01     7.5127    327.572     7.2386  0.1261300 1.2105e+03          1         73 0.0000e+00
   40.69046  -70.87964    14.2918   3.926199    32.2648     16.952     16.820    13.9223   3.894289    32.2812    82.0120     1.2808      48.61 2.3455e+01     7.5136    327.690     7.2989  0.1365023 1.1830e+03          1         62 0.0000e+00
   40.69045  -70.87964    13.1300   3.969177    35.7216     16.066     15.941    13.5416   3.856968    32.2567    81.5685     1.3082      49.53 2.5948e+01     2.7936    135.937     7.1804 -0.0118577 1.1828e+03          1         64 0.0000e+00
   40.69042  -70.87964    17.5286   4.207378    32.1188     14.916     14.800    17.4965   4.203562    32.1108    81.1002     1.2173      51.02 2.9982e+01     7.2164    314.982     7.0585 -0.1887482 1.1762e+03          1         75 0.0000e+00
   40.69014  -70.87963    17.2676   4.196515    32.3040     14.120     14.011    17.4834   4.210951    32.1725    79.2414     1.1554      51.95 2.7805e+01     6.6681    291.552     6.5142  0.0173520 8.0407e+02          1       3308 0.0000e+00
   40.68981  -70.87958    14.6713   3.961683    32.2743     12.962     12.862    14.3843   3.936369    32.2826    81.0496     0.9905      52.40 2.7213e+01     7.5339    328.599     7.2611  0.1395637 5.3271e+02          1         56 0.0000e+00
   40.68978  -70.87958    16.2705   4.099687    32.1940     11.952     11.859    15.8740   4.065364    32.2133    79.3521     1.2409      54.30 3.1212e+01     7.2054    314.395     7.0632 -0.0126965 5.3532e+02          1        227 0.0000e+00
   40.68973  -70.87956    18.3737   4.286974    32.1275     10.997     10.912    18.0715   4.260145    32.1389    78.9679     1.2620      55.14 3.6140e+01     6.6850    291.845     6.5256  0.1323792 5.4253e+02          1        203 0.0000e+00
   40.68969  -70.87956    19.0123   4.344105    32.1061      9.916      9.839    18.8410   4.328464    32.1099    78.8201     1.2035      56.20 4.2006e+01     6.4849    283.158     6.2754 -0.1506875 7.2308e+02          1        122 0.0000e+00
   40.68966  -70.87954    20.8773   4.507166    32.0064      8.983      8.914    20.1944   4.448052    32.0490    78.8884     1.2178      57.34 4.8396e+01     6.1549    268.894     6.0967  0.1314944 8.0685e+02          1        151 0.0000e+00
   40.68962  -70.87954    21.8279   4.586379    31.9223      8.019      7.956    21.7124   4.576338    31.9293    80.0781     0.9554      58.42 5.4307e+01     5.8369    255.083     5.6758 -0.1465984 7.6717e+02          1        126 0.0000e+00
   40.68959  -70.87954    23.2381   4.699412    31.7628      7.100      7.045    23.1126   4.689725    31.7798    82.0649     0.6254      58.85 5.8958e+01     5.4587    238.675     5.3004  0.1265484 7.6653e+02          1        146 0.0000e+00
   40.68957  -70.87953    24.0747   4.769328    31.6897      6.148      6.101    23.8879   4.753442    31.7039    82.9433     0.4191      59.41 6.2568e+01     5.1938    227.159     5.0389 -0.1467167 8.6585e+02          1        129 0.0000e+00
   40.68953  -70.87952    24.0537   4.769225    31.7041      5.023      4.984    24.0156   4.766232    31.7089    83.0057     0.3803      60.48 7.7285e+01     5.1552    225.465     4.9622 -0.0724559 7.5386e+02          1        170 0.0000e+00
   40.68950  -70.87950    24.2746   4.787998    31.6873      3.931      3.901    24.2546   4.785750    31.6848    83.1029     0.3843      61.51 9.4244e+01     5.1591    225.655     4.9573  0.1216891 9.3262e+02          1        101 0.0000e+00
   40.68948  -70.87950    24.3086   4.790974    31.6855      3.192      3.168    24.2876   4.788935    31.6853    83.2150     0.3744      62.09 1.0164e+02     5.1218    224.025     4.9312  0.1282918 6.4277e+02          1         96 0.0000e+00
   40.68946  -70.87950    24.2208   4.783861    31.6952      2.265      2.247    24.1947   4.781404    31.6955    83.1457     0.3790      62.97 1.2288e+02     5.1223    224.040     4.9128 -0.2242704 9.9985e+02          1         93 0.0000e+00
   40.68913  -70.87941    24.3187   4.792619    31.6911      1.373      1.362    24.3166   4.792159    31.6892    82.9863     0.3735      64.13 1.7710e+02     5.1116    223.578     4.9085  0.0670182 1.0331e+03          1        436 0.0000e+00
