en655/en655_014_1db.cnv
* Sea-Bird SBE 9 Data File:
* FileName = D:\ctd\raw\EN655_014.hex
* Software Version Seasave V 7.26.7.121
* Temperature SN = 4130
* Conductivity SN = 2822
* Number of Bytes Per Scan = 40
* Number of Voltage Words = 5
* Number of Scans Averaged by the Deck Unit = 1
* NMEA Latitude = 39 46.25 N
* NMEA Longitude = 070 59.74 W
* NMEA UTC (Time) = Jul 27 2020  16:39:35
* NMEA baud rate = 4800
** Ship: R/V Endeavor
** Cruise: EN655
** Principal Investigator: Heidi Sosik
** Chief Scientist: Heidi Sosik
** Project: NES-LTER transect
** Dates: 25 - 30 Jul 2020
** Narragansett to Narragansett, Rhode Island
** Station:  d11a
** Bottom Depth: 1650
** Operator:  mSantos
** Nothing swapped since last cast - EN655_13 - which had 15 modulo errors.
# nquan = 22
# nvalues = 1011                        
# units = specified
# name 0 = latitude: Latitude [deg]
# name 1 = longitude: Longitude [deg]
# name 2 = t090C: Temperature [ITS-90, deg C]
# name 3 = c0S/m: Conductivity [S/m]
# name 4 = sal00: Salinity, Practical [PSU]
# name 5 = prDM: Pressure, Digiquartz [db]
# name 6 = depSM: Depth [salt water, m]
# name 7 = t190C: Temperature, 2 [ITS-90, deg C]
# name 8 = c1S/m: Conductivity, 2 [S/m]
# name 9 = sal11: Salinity, Practical, 2 [PSU]
# name 10 = CStarTr0: Beam Transmission, WET Labs C-Star [%]
# name 11 = flECO-AFL: Fluorescence, WET Labs ECO-AFL/FL [mg/m^3]
# name 12 = altM: Altimeter [m]
# name 13 = par: PAR/Irradiance, Biospherical/Licor [umol photons/m^2/sec]
# name 14 = sbeox0ML/L: Oxygen, SBE 43 [ml/l]
# name 15 = sbox0Mm/Kg: Oxygen, SBE 43 [umol/kg]
# name 16 = sbeox1ML/L: Oxygen, SBE 43, 2 [ml/l]
# name 17 = upoly0: Upoly 0, SUNA
# name 18 = spar: SPAR, Biospherical/Licor [umol photons/m^2/sec]
# name 19 = pumps: Pump Status
# name 20 = nbin: number of scans per bin
# name 21 = flag: flag
# span 0 =   39.76782,   39.77082       
# span 1 =  -71.00031,  -70.99576       
# span 2 =     6.4251,    24.9163       
# span 3 =   3.504803,   5.318505       
# span 4 =    33.6288,    35.6443       
# span 5 =      1.233,    506.849       
# span 6 =      1.224,    502.361       
# span 7 =     6.4249,    24.9226       
# span 8 =   3.504799,   5.318359       
# span 9 =    33.6309,    35.6468       
# span 10 =    81.7426,    88.1681      
# span 11 =    -0.1712,     8.0316      
# span 12 =       0.26,      74.16      
# span 13 = 1.0000e-12, 9.9203e+02      
# span 14 =     3.0406,     7.0700      
# span 15 =    132.202,    307.871      
# span 16 =     2.9507,     6.9342      
# span 17 = -1.1006635,  25.594002      
# span 18 = 2.1803e+03, 2.4341e+03      
# span 19 =          1,          1      
# span 20 =         18,       2052      
# span 21 = 0.0000e+00, 0.0000e+00      
# interval = decibars: 1                
# start_time = Jul 27 2020 16:39:35 [NMEA time, header]
# bad_flag = -9.990e-29
*END*
[from data line 593]
   39.76856  -70.99914     7.3653   3.591092    35.1084    418.023    414.410     7.3583   3.590338    35.1073    88.1307     0.0354       6.29 7.2765e-06     3.9894    173.405     3.8614  23.179443 2.3025e+03          1         23 0.0000e+00
   39.76856  -70.99914     7.3738   3.591886    35.1090    417.009    413.406     7.3906   3.593167    35.1059    88.1413     0.0301      30.45 8.3680e-06     3.9841    173.174     3.8562  22.490093 2.3016e+03          1         20 0.0000e+00
   39.76856  -70.99914     7.4038   3.594706    35.1099    415.993    412.400     7.4219   3.596285    35.1088    88.1276     0.0290       0.35 2.1830e-05     3.9755    172.800     3.8600  22.947048 2.3008e+03          1         23 0.0000e+00
   39.76856  -70.99914     7.4132   3.595476    35.1093    414.998    411.415     7.4298   3.597064    35.1097    88.1269     0.0242      43.17 1.0000e-12     3.9686    172.502     3.8518  22.237674 2.3024e+03          1         28 0.0000e+00
   39.76856  -70.99914     7.4318   3.597301    35.1108    414.042    410.467     7.4260   3.596754    35.1107    88.1075     0.0299       0.31 1.0000e-12     3.9555    171.933     3.8379  21.770797 2.3054e+03          1         24 0.0000e+00
   39.76856  -70.99914     7.4387   3.597958    35.1115    413.050    409.485     7.4405   3.597974    35.1097    88.0856     0.0208       0.42 1.0000e-12     3.9430    171.389     3.8218  22.465659 2.3078e+03          1         22 0.0000e+00
   39.76856  -70.99914     7.4633   3.600337    35.1129    412.007    408.452     7.4838   3.601943    35.1097    88.1122     0.0278       0.37 1.0000e-12     3.9366    171.113     3.8093  23.039040 2.3091e+03          1         22 0.0000e+00
   39.76856  -70.99915     7.4702   3.600975    35.1134    411.021    407.475     7.5101   3.604583    35.1124    88.1054     0.0282       8.24 1.0000e-12     3.9345    171.020     3.8135  24.032823 2.3086e+03          1         21 0.0000e+00
   39.76856  -70.99916     7.5032   3.604026    35.1137    409.974    406.439     7.5191   3.605467    35.1134    88.1017     0.0222      14.28 6.9733e-06     3.9237    170.549     3.8124  23.211425 2.3093e+03          1         24 0.0000e+00
   39.76856  -70.99916     7.5146   3.605122    35.1147    408.973    405.447     7.5244   3.606015    35.1145    88.1278     0.0286      43.14 1.0000e-12     3.9139    170.127     3.7917  23.721208 2.3093e+03          1         28 0.0000e+00
   39.76856  -70.99916     7.5257   3.606196    35.1156    408.004    404.488     7.5166   3.605236    35.1144    88.1208     0.0208      20.81 1.0000e-12     3.9004    169.541     3.7789  22.800056 2.3080e+03          1         29 0.0000e+00
   39.76854  -70.99916     7.5358   3.607126    35.1159    407.010    403.503     7.5318   3.606648    35.1148    88.1231     0.0252      23.23 6.1985e-06     3.8881    169.003     3.7696  23.105372 2.3055e+03          1         27 0.0000e+00
   39.76854  -70.99916     7.5362   3.607161    35.1164    405.996    402.498     7.5543   3.608730    35.1152    88.0937     0.0248       0.48 6.6944e-06     3.8848    168.862     3.7730  23.923798 2.3069e+03          1         25 0.0000e+00
   39.76854  -70.99916     7.5535   3.608791    35.1172    404.979    401.491     7.5673   3.609979    35.1162    88.1304     0.0258      27.46 1.5215e-05     3.8750    168.438     3.7822  23.376405 2.3091e+03          1         22 0.0000e+00
   39.76854  -70.99916     7.5703   3.610392    35.1180    403.969    400.490     7.5748   3.610694    35.1169    88.1233     0.0327      29.11 1.0000e-12     3.8726    168.331     3.7757  23.691028 2.3093e+03          1         21 0.0000e+00
   39.76854  -70.99918     7.5767   3.610975    35.1185    402.967    399.498     7.5909   3.612151    35.1169    88.1154     0.0388      27.86 1.0000e-12     3.8737    168.381     3.7615  21.915878 2.3093e+03          1         22 0.0000e+00
   39.76854  -70.99918     7.5859   3.611831    35.1189    402.016    398.557     7.6020   3.613245    35.1180    88.1165     0.0375      27.37 1.5215e-05     3.8670    168.087     3.7530  22.971012 2.3093e+03          1         22 0.0000e+00
   39.76854  -70.99918     7.6014   3.613269    35.1193    401.045    397.595     7.5974   3.612769    35.1179    88.1261     0.0305      53.16 1.0000e-12     3.8612    167.838     3.7487  23.152884 2.3090e+03          1         24 0.0000e+00
   39.76854  -70.99918     7.6117   3.614232    35.1199    399.974    396.534     7.6152   3.614447    35.1187    88.1222     0.0314      20.21 1.0000e-12     3.8579    167.694     3.7397  22.983199 2.3076e+03          1         27 0.0000e+00
   39.76854  -70.99918     7.6029   3.613419    35.1205    398.969    395.538     7.6229   3.615148    35.1190    88.1182     0.0221       0.33 5.3987e-06     3.8491    167.310     3.7412  23.250426 2.3080e+03          1         31 0.0000e+00
   39.76854  -70.99918     7.6238   3.615376    35.1211    398.041    394.620     7.6253   3.615407    35.1199    88.1080     0.0302      71.29 1.0000e-12     3.8393    166.887     3.7344  22.901489 2.3116e+03          1         26 0.0000e+00
   39.76854  -70.99918     7.6428   3.617093    35.1209    397.057    393.645     7.6360   3.616292    35.1192    88.1010     0.0334      54.98 1.0000e-12     3.8386    166.857     3.7283  23.577582 2.3153e+03          1         21 0.0000e+00
   39.76852  -70.99920     7.6499   3.617779    35.1218    396.033    392.631     7.6687   3.619434    35.1207    88.1065     0.0366       0.35 1.0000e-12     3.8429    167.044     3.7250  23.667030 2.3172e+03          1         18 0.0000e+00
   39.76852  -70.99920     7.6668   3.619397    35.1227    395.028    391.635     7.6787   3.620357    35.1211    88.1131     0.0310       0.35 1.7617e-05     3.8366    166.767     3.7253  23.374725 2.3173e+03          1         19 0.0000e+00
   39.76852  -70.99920     7.6746   3.620118    35.1232    393.983    390.601     7.6880   3.621297    35.1224    88.1161     0.0284      22.77 6.1985e-06     3.8246    166.246     3.7219  23.647233 2.3154e+03          1         27 0.0000e+00
   39.76852  -70.99920     7.6769   3.620312    35.1234    393.046    389.673     7.6852   3.621059    35.1231    88.1206     0.0302       9.23 1.0000e-12     3.8234    166.193     3.7137  23.075507 2.3155e+03          1         30 0.0000e+00
   39.76852  -70.99920     7.6897   3.621520    35.1241    392.052    388.688     7.6823   3.620764    35.1233    88.1007     0.0359      13.87 1.0000e-12     3.8084    165.542     3.7044  22.993804 2.3214e+03          1         24 0.0000e+00
   39.76850  -70.99920     7.7080   3.623253    35.1249    391.058    387.703     7.7047   3.622611    35.1213    88.1123     0.0351       0.48 2.1830e-05     3.8100    165.613     3.7017  22.543345 2.3257e+03          1         23 0.0000e+00
   39.76850  -70.99920     7.7361   3.625877    35.1254    390.023    386.678     7.7665   3.628647    35.1248    88.1069     0.0283      39.10 6.6944e-06     3.8091    165.575     3.6999  23.614699 2.3277e+03          1         25 0.0000e+00
   39.76850  -70.99920     7.7534   3.627655    35.1278    389.030    385.694     7.7660   3.628714    35.1265    88.1005     0.0308      18.31 1.0000e-12     3.8051    165.401     3.7067  23.140389 2.3263e+03          1         22 0.0000e+00
   39.76850  -70.99922     7.7792   3.630042    35.1281    388.014    384.688     7.7799   3.629924    35.1261    88.0889     0.0359      10.68 6.9733e-06     3.7960    165.008     3.6839  24.036096 2.3280e+03          1         24 0.0000e+00
   39.76850  -70.99922     7.7872   3.630764    35.1283    386.999    383.683     7.7956   3.631407    35.1268    88.1105     0.0335       0.51 6.9733e-06     3.7889    164.700     3.6637  23.747207 2.3320e+03          1         24 0.0000e+00
   39.76850  -70.99922     7.7917   3.631192    35.1288    386.013    382.705     7.8187   3.633661    35.1283    88.0991     0.0293      53.03 7.2765e-06     3.7777    164.209     3.6624  23.362703 2.3348e+03          1         23 0.0000e+00
   39.76850  -70.99922     7.8303   3.634837    35.1298    385.006    381.709     7.8340   3.635014    35.1281    88.1044     0.0229       0.33 1.9311e-05     3.7643    163.629     3.6617  23.954059 2.3334e+03          1         26 0.0000e+00
   39.76850  -70.99922     7.8483   3.636578    35.1311    383.988    380.700     7.8432   3.636089    35.1308    88.1044     0.0178      23.16 1.0000e-12     3.7561    163.273     3.6517  22.916760 2.3302e+03          1         26 0.0000e+00
   39.76850  -70.99922     7.8612   3.637804    35.1317    382.971    379.693     7.8567   3.637252    35.1304    88.0975     0.0213       0.34 6.6944e-06     3.7498    162.999     3.6375  23.887146 2.3305e+03          1         25 0.0000e+00
   39.76850  -70.99922     7.8642   3.638154    35.1329    381.980    378.712     7.9045   3.641736    35.1310    88.0984     0.0365      10.78 1.0000e-12     3.7447    162.777     3.6256  23.063697 2.3342e+03          1         25 0.0000e+00
   39.76850  -70.99922     7.8965   3.641346    35.1354    380.982    377.723     7.9322   3.644569    35.1342    88.0909     0.0326      13.73 6.9733e-06     3.7329    162.267     3.6335  23.296692 2.3363e+03          1         24 0.0000e+00
   39.76850  -70.99922     7.9375   3.645165    35.1358    379.968    376.718     7.9759   3.648549    35.1337    88.0948     0.0292      25.72 1.3947e-05     3.7287    162.083     3.6214  22.591650 2.3336e+03          1         24 0.0000e+00
   39.76850  -70.99922     7.9619   3.647773    35.1398    378.998    375.757     7.9936   3.650357    35.1358    88.0900     0.0301      21.10 6.1985e-06     3.7254    161.939     3.6026  22.936818 2.3301e+03          1         27 0.0000e+00
   39.76850  -70.99923     7.9835   3.649711    35.1395    378.018    374.787     8.0210   3.653001    35.1372    88.0860     0.0375      26.66 6.9733e-06     3.7137    161.434     3.5872  23.661940 2.3303e+03          1         24 0.0000e+00
   39.76849  -70.99924     8.0272   3.653802    35.1401    377.000    373.779     8.0419   3.655005    35.1382    88.0875     0.0285       0.36 7.9695e-06     3.6982    160.760     3.5743  24.169540 2.3333e+03          1         21 0.0000e+00
   39.76848  -70.99924     8.0473   3.655789    35.1417    375.969    372.757     8.0890   3.659497    35.1397    88.0909     0.0230      26.98 7.2765e-06     3.6902    160.413     3.5660  24.035985 2.3375e+03          1         23 0.0000e+00
   39.76849  -70.99924     8.0828   3.659082    35.1420    374.959    371.757     8.1106   3.661786    35.1431    88.0954     0.0173      24.05 1.0000e-12     3.6785    159.904     3.5597  24.443927 2.3382e+03          1         26 0.0000e+00
   39.76850  -70.99924     8.1041   3.661190    35.1437    373.958    370.765     8.1125   3.662037    35.1444    88.0716     0.0103      21.49 1.0000e-12     3.6616    159.168     3.5461  24.303713 2.3356e+03          1         28 0.0000e+00
   39.76850  -70.99925     8.1171   3.662585    35.1461    372.971    369.787     8.1002   3.660915    35.1451    88.0725     0.0245      21.50 1.0000e-12     3.6500    158.666     3.5259  22.921627 2.3364e+03          1         28 0.0000e+00
   39.76850  -70.99926     8.1156   3.662398    35.1461    371.972    368.798     8.1218   3.662865    35.1449    88.0637     0.0289      24.66 1.0000e-12     3.6365    158.077     3.5248  23.276279 2.3429e+03          1         25 0.0000e+00
   39.76849  -70.99926     8.1242   3.663254    35.1471    370.980    367.816     8.1466   3.665233    35.1459    88.0562     0.0287       0.82 1.4553e-05     3.6343    157.984     3.5308  23.889908 2.3462e+03          1         23 0.0000e+00
   39.76848  -70.99926     8.1466   3.665412    35.1482    369.959    366.804     8.1565   3.666239    35.1472    88.0362     0.0289      25.85 1.0000e-12     3.6226    157.474     3.5157  23.670848 2.3444e+03          1         24 0.0000e+00
   39.76848  -70.99926     8.1631   3.667036    35.1496    368.969    365.823     8.1882   3.669239    35.1480    88.0412     0.0315      24.27 1.0000e-12     3.6306    157.823     3.5063  22.730164 2.3432e+03          1         25 0.0000e+00
   39.76848  -70.99926     8.1940   3.670034    35.1512    367.986    364.850     8.2029   3.670725    35.1497    88.0431     0.0305      33.93 1.0000e-12     3.6266    157.649     3.5125  22.982546 2.3453e+03          1         26 0.0000e+00
   39.76848  -70.99926     8.2192   3.672447    35.1522    366.967    363.840     8.2124   3.671513    35.1491    88.0227     0.0279      16.17 1.0000e-12     3.6185    157.298     3.5116  24.099727 2.3495e+03          1         21 0.0000e+00
   39.76848  -70.99926     8.2359   3.673997    35.1526    365.958    362.841     8.2556   3.675616    35.1502    88.0697     0.0341       0.43 7.9695e-06     3.6124    157.034     3.5012  23.974645 2.3517e+03          1         21 0.0000e+00
   39.76848  -70.99926     8.2487   3.675247    35.1537    364.969    361.861     8.2792   3.677967    35.1522    88.0695     0.0316       0.36 7.2765e-06     3.6035    156.645     3.4998  24.434376 2.3508e+03          1         23 0.0000e+00
   39.76848  -70.99926     8.2592   3.676313    35.1550    363.993    360.894     8.2890   3.679088    35.1548    88.0457     0.0284      21.76 1.0000e-12     3.5948    156.268     3.4900  25.481814 2.3469e+03          1         28 0.0000e+00
   39.76847  -70.99926     8.2719   3.677689    35.1575    363.001    359.911     8.2559   3.676066    35.1562    88.0880     0.0312       0.40 5.2300e-06     3.5833    155.768     3.4717  24.495836 2.3434e+03          1         32 0.0000e+00
   39.76846  -70.99928     8.3102   3.681178    35.1569    362.010    358.929     8.2942   3.679375    35.1537    88.0970     0.0311       0.35 1.8596e-05     3.5694    155.163     3.4626  23.504698 2.3452e+03          1         27 0.0000e+00
   39.76846  -70.99928     8.3126   3.681417    35.1575    361.017    357.946     8.3217   3.682138    35.1561    88.1005     0.0198      27.70 1.0000e-12     3.5694    155.165     3.4772  23.926186 2.3489e+03          1         22 0.0000e+00
   39.76846  -70.99928     8.3161   3.681722    35.1577    360.032    356.970     8.3510   3.684891    35.1567    88.0956     0.0246       0.26 8.3680e-06     3.5701    155.193     3.4703  24.437232 2.3493e+03          1         20 0.0000e+00
   39.76846  -70.99928     8.3479   3.684794    35.1592    359.013    355.961     8.3628   3.686059    35.1578    88.0973     0.0242      27.74 1.0000e-12     3.5546    154.524     3.4553  24.141377 2.3464e+03          1         22 0.0000e+00
   39.76846  -70.99928     8.3625   3.686201    35.1601    358.004    354.961     8.3758   3.687353    35.1591    88.0827     0.0243      26.62 7.2765e-06     3.5501    154.325     3.4438  24.069184 2.3409e+03          1         23 0.0000e+00
   39.76846  -70.99928     8.3606   3.686033    35.1607    356.991    353.958     8.3714   3.687007    35.1603    88.0893     0.0239       0.31 1.0000e-12     3.5498    154.314     3.4330  23.451190 2.3364e+03          1         30 0.0000e+00
   39.76846  -70.99930     8.3853   3.688331    35.1610    356.042    353.017     8.3594   3.685843    35.1603    88.0857     0.0282       0.56 1.0000e-12     3.5351    153.675     3.4279  23.815787 2.3374e+03          1         27 0.0000e+00
   39.76846  -70.99930     8.3917   3.689023    35.1625    355.025    352.010     8.3946   3.689094    35.1603    88.0994     0.0381       0.36 7.6073e-06     3.5285    153.386     3.4253  24.139989 2.3399e+03          1         22 0.0000e+00
   39.76846  -70.99930     8.4044   3.690223    35.1631    353.975    350.970     8.4366   3.693033    35.1608    88.0887     0.0355      29.11 1.0000e-12     3.5235    153.171     3.4207  23.837927 2.3399e+03          1         21 0.0000e+00
