en655/en655_002_1db.cnv
* Sea-Bird SBE 9 Data File:
* FileName = D:\ctd\raw\EN655_002.hex
* Software Version Seasave V 7.26.7.121
* Temperature SN = 4130
* Conductivity SN = 2822
* Number of Bytes Per Scan = 40
* Number of Voltage Words = 5
* Number of Scans Averaged by the Deck Unit = 1
* NMEA Latitude = 41 01.81 N
* NMEA Longitude = 070 52.76 W
* NMEA UTC (Time) = Jul 25 2020  17:55:57
* NMEA baud rate = 4800
** Ship: R/V Endeavor
** Cruise: EN655
** Principal Investigator: Heidi Sosik
** Chief Scientist: Heidi Sosik
** Project: NES-LTER transect
** Dates: 25 - 30 Jul 2020
** Narragansett to Narragansett, Rhode Island
** Station:  L2
** Bottom Depth:
** Operator:
# nquan = 22
# nvalues = 84                          
# units = specified
# name 0 = latitude: Latitude [deg]
# name 1 = longitude: Longitude [deg]
# name 2 = t090C: Temperature [ITS-90, deg C]
# name 3 = c0S/m: Conductivity [S/m]
# name 4 = sal00: Salinity, Practical [PSU]
# name 5 = prDM: Pressure, Digiquartz [db]
# name 6 = depSM: Depth [salt water, m]
# name 7 = t190C: Temperature, 2 [ITS-90, deg C]
# name 8 = c1S/m: Conductivity, 2 [S/m]
# name 9 = sal11: Salinity, Practical, 2 [PSU]
# name 10 = CStarTr0: Beam Transmission, WET Labs C-Star [%]
# name 11 = flECO-AFL: Fluorescence, WET Labs ECO-AFL/FL [mg/m^3]
# name 12 = altM: Altimeter [m]
# name 13 = par: PAR/Irradiance, Biospherical/Licor [umol photons/m^2/sec]
# name 14 = sbeox0ML/L: Oxygen, SBE 43 [ml/l]
# name 15 = sbox0Mm/Kg: Oxygen, SBE 43 [umol/kg]
# name 16 = sbeox1ML/L: Oxygen, SBE 43, 2 [ml/l]
# name 17 = upoly0: Upoly 0, SUNA
# name 18 = spar: SPAR, Biospherical/Licor [umol photons/m^2/sec]
# name 19 = pumps: Pump Status
# name 20 = nbin: number of scans per bin
# name 21 = flag: flag
# span 0 =   41.03028,   41.03040       
# span 1 =  -70.87928,  -70.87664       
# span 2 =    10.5129,    21.8589       
# span 3 =   3.593211,   4.590135       
# span 4 =    31.9308,    54.4913       
# span 5 =      1.480,     43.915       
# span 6 =      1.468,     43.570       
# span 7 =    10.5155,    21.7723       
# span 8 =   3.593733,   4.583352       
# span 9 =    31.9419,    32.3298       
# span 10 =     0.0151,    80.6336      
# span 11 =     0.2173,     7.1567      
# span 12 =       2.52,      43.76      
# span 13 = 5.8392e-02, 2.3894e+03      
# span 14 =   -36.1255,     6.8147      
# span 15 =   -988.204,    297.194      
# span 16 =     5.4165,     6.5565      
# span 17 = -0.4671580,  0.0337221      
# span 18 = 2.2906e+03, 2.3178e+03      
# span 19 =          1,          1      
# span 20 =          1,       1941      
# span 21 = 0.0000e+00, 0.0000e+00      
# interval = decibars: 1                
# start_time = Jul 25 2020 17:55:57 [NMEA time, header]
# bad_flag = -9.990e-29
*END*
[from data line 66]
   41.03038  -70.87773    12.0067   3.720732    32.2755     18.028     17.887    11.9711   3.718139    32.2813    63.2398     7.1567      27.97 6.8165e+01     6.4312    280.355     6.2929 -0.1863190 2.2961e+03          1        142 0.0000e+00
   41.03038  -70.87770    12.0199   3.721818    32.2750     16.985     16.853    12.0021   3.720455    32.2773    63.8680     6.2360      29.04 8.9648e+01     6.4751    282.270     6.3098 -0.0551501 2.2957e+03          1        168 0.0000e+00
   41.03038  -70.87768    12.1775   3.733626    32.2529     16.016     15.891    12.1041   3.728597    32.2680    57.3525     5.1860      29.82 1.1368e+02     6.5270    284.547     6.3509 -0.1115148 2.2951e+03          1        111 0.0000e+00
   41.03038  -70.87765    12.2673   3.741745    32.2540     14.930     14.814    12.1892   3.735525    32.2615    56.3810     3.2579      31.06 1.6509e+02     6.5654    286.224     6.4133 -0.1674586 2.2942e+03          1        184 0.0000e+00
   41.03038  -70.87764    12.5779   3.767237    32.2313     13.895     13.787    12.3708   3.750508    32.2493    57.5849     5.0375      31.85 2.2349e+02     6.6101    288.196     6.4307  0.0165628 2.2930e+03          1        116 0.0000e+00
   41.03039  -70.87749    12.8859   3.791248    32.1964     13.310     13.206    12.8704   3.790086    32.1986    61.5281     4.4514      32.71 2.6291e+02     6.6820    291.353     6.5227 -0.1041796 2.2951e+03          1       1307 0.0000e+00
   41.03040  -70.87733    12.9934   3.800622    32.1939     12.002     11.909    12.9611   3.797891    32.1957    64.8942     1.5102      33.92 3.2988e+02     6.6121    288.313     6.4475 -0.2023036 2.2952e+03          1        140 0.0000e+00
   41.03039  -70.87732    13.1465   3.813291    32.1836     11.065     10.979    13.1263   3.811946    32.1881    66.1118     0.7958      34.70 3.6998e+02     6.5263    284.581     6.3697  0.0196279 2.2960e+03          1        156 0.0000e+00
   41.03038  -70.87729    13.2141   3.819309    32.1833      9.975      9.898    13.0992   3.809649    32.1899    67.0942     0.6680      35.73 4.4141e+02     6.4841    282.746     6.3260 -0.1763512 2.2951e+03          1        161 0.0000e+00
   41.03038  -70.87727    14.4917   3.937413    32.2022      8.923      8.854    13.9080   3.882667    32.1885    69.4549     0.5238      36.76 5.2279e+02     6.5780    286.912     6.4214 -0.2114476 2.2945e+03          1        138 0.0000e+00
   41.03038  -70.87724    18.7590   4.309969    32.0201      7.951      7.890    17.4702   4.195872    32.0684    69.7677     0.4187      37.81 5.9581e+02     6.4326    280.873     6.4312  0.0337221 2.2971e+03          1        142 0.0000e+00
   41.03039  -70.87720    16.5748   4.149142    32.6030      7.013      6.958    15.6760   4.040340    32.1563    72.1134     0.4067      38.62 6.9888e+02     5.4376    238.968     6.1475 -0.1850829 2.2997e+03          1        150 0.0000e+00
   41.03040  -70.87717    15.8225   4.386306    54.4913      5.998      5.951    18.4789   4.285853    32.0364    78.8027     0.5062      39.78 8.0297e+02   -36.1255   -988.204     6.2147  0.0313450 2.2984e+03          1        135 0.0000e+00
   41.03040  -70.87714    20.3030   4.453164    32.0091      5.059      5.020    20.0500   4.430145    32.0154    78.3013     0.4098      40.70 9.2097e+02     5.9640    260.516     5.8607 -0.1951379 2.2960e+03          1        142 0.0000e+00
   41.03040  -70.87711    20.7932   4.495167    31.9759      4.018      3.987    20.2464   4.449707    32.0246    78.2583     0.2864      41.68 1.1236e+03     5.8718    256.527     5.7617  0.0315712 2.2973e+03          1        167 0.0000e+00
   41.03040  -70.87707    20.9702   4.511719    31.9749      3.070      3.046    20.6139   4.480093    31.9908    79.9489     0.2447      42.57 1.3772e+03     5.8095    253.816     5.6965 -0.2248960 2.2939e+03          1        126 0.0000e+00
   41.03038  -70.87686    21.6195   4.569205    31.9443      2.128      2.111    21.5983   4.567301    31.9451    80.2545     0.2319      43.71 1.5335e+03     5.6576    247.230     5.4770 -0.0427966 2.2923e+03          1       1941 0.0000e+00
   41.03038  -70.87664    21.8589   4.590135    31.9308      1.480      1.468    21.7723   4.583352    31.9419    80.6336     0.2173      43.76 2.3894e+03     5.6093    245.138     5.4165  0.0315712 2.3008e+03          1          1 0.0000e+00
