en655/en655_006_1db.cnv
* Sea-Bird SBE 9 Data File:
* FileName = D:\ctd\raw\EN655_006.hex
* Software Version Seasave V 7.26.7.121
* Temperature SN = 4130
* Conductivity SN = 2822
* Number of Bytes Per Scan = 40
* Number of Voltage Words = 5
* Number of Scans Averaged by the Deck Unit = 1
* NMEA Latitude = 41 04.06 N
* NMEA Longitude = 070 52.94 W
* NMEA UTC (Time) = Jul 26 2020  05:44:18
* NMEA baud rate = 4800
** Ship: R/V Endeavor
** Cruise: EN655
** Principal Investigator: Heidi Sosik
** Chief Scientist: Heidi Sosik
** Project: NES-LTER transect
** Dates: 25 - 30 Jul 2020
** Narragansett to Narragansett, Rhode Island
** Station:  L2 alternate line
** Bottom Depth: 38
** Operator:  JEO
# nquan = 22
# nvalues = 64                          
# units = specified
# name 0 = latitude: Latitude [deg]
# name 1 = longitude: Longitude [deg]
# name 2 = t090C: Temperature [ITS-90, deg C]
# name 3 = c0S/m: Conductivity [S/m]
# name 4 = sal00: Salinity, Practical [PSU]
# name 5 = prDM: Pressure, Digiquartz [db]
# name 6 = depSM: Depth [salt water, m]
# name 7 = t190C: Temperature, 2 [ITS-90, deg C]
# name 8 = c1S/m: Conductivity, 2 [S/m]
# name 9 = sal11: Salinity, Practical, 2 [PSU]
# name 10 = CStarTr0: Beam Transmission, WET Labs C-Star [%]
# name 11 = flECO-AFL: Fluorescence, WET Labs ECO-AFL/FL [mg/m^3]
# name 12 = altM: Altimeter [m]
# name 13 = par: PAR/Irradiance, Biospherical/Licor [umol photons/m^2/sec]
# name 14 = sbeox0ML/L: Oxygen, SBE 43 [ml/l]
# name 15 = sbox0Mm/Kg: Oxygen, SBE 43 [umol/kg]
# name 16 = sbeox1ML/L: Oxygen, SBE 43, 2 [ml/l]
# name 17 = upoly0: Upoly 0, SUNA
# name 18 = spar: SPAR, Biospherical/Licor [umol photons/m^2/sec]
# name 19 = pumps: Pump Status
# name 20 = nbin: number of scans per bin
# name 21 = flag: flag
# span 0 =   41.06665,   41.06756       
# span 1 =  -70.88234,  -70.88224       
# span 2 =    11.0918,    22.8114       
# span 3 =   3.641538,   4.686118       
# span 4 =    31.9436,    32.3094       
# span 5 =      2.409,     34.109       
# span 6 =      2.391,     33.842       
# span 7 =    11.0946,    22.8114       
# span 8 =   3.642011,   4.686249       
# span 9 =    31.9443,    32.3197       
# span 10 =    69.1136,    81.9314      
# span 11 =     0.3197,     6.9898      
# span 12 =       3.64,      35.08      
# span 13 = 1.0000e-12, 3.1664e+00      
# span 14 =     5.3395,     6.8674      
# span 15 =    233.399,    299.421      
# span 16 =     5.1688,     6.6917      
# span 17 = -0.4241928,  0.1059716      
# span 18 = 1.7005e+00, 1.7005e+00      
# span 19 =          1,          1      
# span 20 =         51,       1635      
# span 21 = 0.0000e+00, 0.0000e+00      
# interval = decibars: 1                
# start_time = Jul 26 2020 05:44:18 [NMEA time, header]
# bad_flag = -9.990e-29
*END*
   41.06756  -70.88234    22.7782   4.682909    31.9713      3.112      3.088    22.7583   4.681208    31.9728    81.8206     0.3407      35.08 2.8565e+00     5.3546    234.057     5.1924 -0.0310031 1.7005e+00          1       1273 0.0000e+00
   41.06747  -70.88230    22.8114   4.686118    31.9713      4.105      4.073    22.8114   4.686249    31.9723    81.8201     0.3313      34.27 2.1188e+00     5.3484    233.787     5.1816  0.0949630 1.7005e+00          1        106 0.0000e+00
   41.06744  -70.88228    22.7993   4.685178    31.9727      5.030      4.991    22.8013   4.685518    31.9739    81.8190     0.3197      33.53 1.3769e+00     5.3395    233.399     5.2004 -0.2156301 1.7005e+00          1        107 0.0000e+00
   41.06743  -70.88228    22.7156   4.677926    31.9780      6.061      6.014    22.7294   4.679538    31.9802    81.7429     0.3279      32.56 9.2042e-01     5.3628    234.412     5.2066  0.0967095 1.7005e+00          1         98 0.0000e+00
   41.06741  -70.88228    21.8286   4.597413    32.0078      7.006      6.952    21.8757   4.603532    32.0207    80.8920     0.3801      31.85 6.2156e-01     5.4452    237.948     5.2876 -0.0406900 1.7005e+00          1         82 0.0000e+00
   41.06740  -70.88228    19.1829   4.361664    32.1196      7.998      7.936    19.2595   4.371692    32.1427    78.9775     0.5507      31.02 4.0878e-01     5.7767    252.244     5.5845 -0.1545636 1.7005e+00          1         85 0.0000e+00
   41.06738  -70.88227    17.3752   4.204166    32.2151      9.013      8.943    17.3792   4.206097    32.2283    79.1692     0.6455      30.13 2.6399e-01     6.3793    278.414     6.1640  0.1003903 1.7005e+00          1         79 0.0000e+00
   41.06737  -70.88226    16.0331   4.085371    32.2624     10.038      9.960    16.0734   4.091063    32.2797    78.8274     0.8073      29.06 1.7323e-01     6.7323    293.723     6.5120  0.1059716 1.7005e+00          1         78 0.0000e+00
   41.06736  -70.88226    14.6547   3.958687    32.2608     10.974     10.889    14.6997   3.965123    32.2817    80.4137     0.8427      28.31 1.1830e-01     6.8604    299.221     6.6426 -0.4241928 1.7005e+00          1         64 0.0000e+00
   41.06734  -70.88226    13.9829   3.892853    32.2190     11.984     11.891    14.0012   3.895217    32.2255    80.1034     0.9511      27.15 6.9515e-02     6.6182    288.629     6.3348  0.0951013 1.7005e+00          1         75 0.0000e+00
   41.06733  -70.88226    13.7495   3.869657    32.2000     13.006     12.905    13.7791   3.872949    32.2056    79.0230     1.1343      26.20 4.0154e-02     6.5400    285.209     6.3837  0.0926578 1.7005e+00          1         76 0.0000e+00
   41.06731  -70.88226    13.5961   3.854662    32.1894     13.985     13.876    13.6229   3.857935    32.1973    78.7020     1.2266      25.20 1.6014e-02     6.5249    284.547     6.3829  0.0926578 1.7005e+00          1         63 0.0000e+00
   41.06729  -70.88226    13.2065   3.821136    32.2049     14.984     14.868    13.2435   3.825050    32.2103    77.0138     1.7514      23.87 2.6579e-03     6.5140    284.046     6.3485 -0.3683816 1.7005e+00          1         74 0.0000e+00
   41.06728  -70.88226    13.0623   3.809225    32.2148     15.961     15.836    13.0880   3.811954    32.2188    74.9061     2.4407      22.97 1.0000e-12     6.5566    285.890     6.4304  0.0900019 1.7005e+00          1         69 0.0000e+00
   41.06726  -70.88226    12.9748   3.801803    32.2189     17.043     16.910    12.9909   3.803514    32.2213    74.8567     2.5475      21.76 1.0000e-12     6.5756    286.716     6.4328  0.0903083 1.7005e+00          1         78 0.0000e+00
   41.06725  -70.88226    12.9063   3.796102    32.2230     17.953     17.812    12.9199   3.797718    32.2267    75.1059     2.5506      20.89 1.0000e-12     6.5952    287.566     6.4888  0.0852534 1.7005e+00          1         66 0.0000e+00
   41.06724  -70.88226    12.8387   3.789719    32.2198     19.022     18.873    12.8660   3.792402    32.2219    73.9673     2.9397      19.60 1.0000e-12     6.6359    289.335     6.5246 -0.3405023 1.7005e+00          1         77 0.0000e+00
   41.06722  -70.88224    12.7083   3.778752    32.2268     19.986     19.830    12.7255   3.780729    32.2308    69.7317     4.9066      18.79 1.0000e-12     6.8674    299.421     6.6917  0.0878854 1.7005e+00          1         64 0.0000e+00
   41.06721  -70.88224    12.5890   3.769388    32.2395     20.958     20.794    12.6436   3.774005    32.2366    69.1136     5.4672      17.58 1.0000e-12     6.8164    297.189     6.6869  0.0874431 1.7005e+00          1         82 0.0000e+00
   41.06719  -70.88224    12.3714   3.752762    32.2670     22.087     21.915    12.4127   3.756280    32.2652    75.8914     2.8639      16.38 1.0000e-12     6.7267    293.260     6.6199 -0.2501912 1.7005e+00          1         80 0.0000e+00
   41.06718  -70.88224    12.3066   3.747595    32.2730     22.958     22.779    12.3169   3.748928    32.2769    78.1670     2.0229      15.54 1.0000e-12     6.6750    291.000     6.5867 -0.0051940 1.7005e+00          1         54 0.0000e+00
   41.06716  -70.88224    12.1870   3.737968    32.2832     23.976     23.789    12.2421   3.742504    32.2793    79.1992     1.6314      14.34 1.0000e-12     6.6645    290.533     6.5410  0.0797218 1.7005e+00          1         85 0.0000e+00
   41.06714  -70.88224    12.0377   3.725629    32.2931     24.969     24.774    12.0725   3.728964    32.2951    79.3866     1.5699      13.44 1.0000e-12     6.6714    290.824     6.5826  0.0787336 1.7005e+00          1         68 0.0000e+00
   41.06713  -70.88224    11.7860   3.704800    32.3094     25.981     25.778    11.8880   3.713765    32.3077    80.1257     1.4989      12.26 1.0000e-12     6.6851    291.406     6.5799 -0.3341948 1.7005e+00          1         81 0.0000e+00
   41.06712  -70.88224    11.3226   3.663144    32.3068     27.041     26.829    11.3832   3.669872    32.3197    78.3407     2.5000      11.28 1.0000e-12     6.6696    290.705     6.5344  0.0726138 1.7005e+00          1         64 0.0000e+00
   41.06710  -70.88224    11.1625   3.648506    32.3030     27.978     27.759    11.2203   3.653990    32.3062    77.1237     3.6785      10.19 1.0000e-12     6.1103    266.321     5.9951  0.0640476 1.7005e+00          1         79 0.0000e+00
   41.06709  -70.88224    11.1156   3.643959    32.2990     28.926     28.700    11.1486   3.647183    32.3017    76.8702     3.7526       9.31 1.0000e-12     5.9909    261.116     5.9352  0.0625272 1.7005e+00          1         74 0.0000e+00
   41.06708  -70.88224    11.1106   3.643397    32.2973     30.027     29.792    11.1108   3.643717    32.3003    76.9057     3.5859       8.27 1.0000e-12     5.9747    260.409     5.9191 -0.3893412 1.7005e+00          1         73 0.0000e+00
   41.06706  -70.88224    11.0986   3.642274    32.2963     31.012     30.769    11.1000   3.642680    32.2991    76.8991     3.3113       7.10 1.0000e-12     5.9765    260.489     5.9131  0.0616903 1.7005e+00          1         72 0.0000e+00
   41.06704  -70.88224    11.0948   3.641860    32.2952     32.059     31.808    11.0981   3.642364    32.2972    76.8786     3.6007       5.97 1.0000e-12     5.9636    259.928     5.8889  0.0617465 1.7005e+00          1         83 0.0000e+00
   41.06703  -70.88224    11.0918   3.641538    32.2942     32.944     32.685    11.0946   3.642011    32.2964    76.8132     4.0521       5.09 1.0000e-12     5.9528    259.456     5.8939 -0.1196373 1.7005e+00          1         81 0.0000e+00
   41.06691  -70.88227    11.0962   3.641654    32.2911     34.109     33.842    11.0986   3.642021    32.2925    76.9094     4.5561       3.64 4.0610e-07     5.9516    259.404     5.8863 -0.0443108 1.7005e+00          1       1635 0.0000e+00
   41.06682  -70.88230    11.1228   3.643819    32.2895     32.953     32.695    11.1169   3.643473    32.2913    76.9377     4.6414       4.65 1.0000e-12     5.9570    259.642     5.8719 -0.2011400 1.7005e+00          1        126 0.0000e+00
   41.06682  -70.88230    11.1240   3.643822    32.2889     31.994     31.743    11.1172   3.643428    32.2910    77.0183     4.4217       5.58 1.0000e-12     5.9599    259.768     5.8719  0.0629789 1.7005e+00          1        106 0.0000e+00
   41.06680  -70.88230    11.1217   3.643635    32.2895     31.046     30.803    11.1103   3.642801    32.2913    76.7523     4.4558       6.53 1.0000e-12     5.9633    259.914     5.8614 -0.2822773 1.7005e+00          1         98 0.0000e+00
   41.06680  -70.88232    11.1202   3.643457    32.2894     30.120     29.884    11.1149   3.643139    32.2910    76.8985     4.4594       7.45 1.0000e-12     5.9597    259.759     5.8685  0.0629475 1.7005e+00          1        110 0.0000e+00
   41.06680  -70.88232    11.1419   3.645303    32.2890     29.026     28.799    11.1247   3.643929    32.2906    77.0639     3.9207       8.47 1.0000e-12     5.9700    260.208     5.8666  0.0635518 1.7005e+00          1         85 0.0000e+00
   41.06678  -70.88232    11.3758   3.666578    32.2935     27.986     27.767    11.3497   3.663713    32.2883    77.2317     1.8526       9.55 1.0000e-12     5.9970    261.396     5.9099 -0.4077509 1.7005e+00          1         73 0.0000e+00
   41.06678  -70.88234    11.7838   3.701046    32.2746     26.901     26.691    11.6436   3.689339    32.2827    77.9834     1.8794      10.72 1.0000e-12     6.3700    277.678     6.2836  0.0756893 1.7005e+00          1         90 0.0000e+00
   41.06678  -70.88234    11.8494   3.706650    32.2723     26.073     25.869    11.6201   3.687529    32.2857    78.3377     2.5882      11.44 1.0000e-12     6.5204    284.239     6.2688  0.0697503 1.7005e+00          1         60 0.0000e+00
   41.06676  -70.88234    12.0724   3.725235    32.2592     24.999     24.804    11.9132   3.713427    32.2830    78.2164     5.3986      12.52 1.0000e-12     6.5477    285.442     6.4250  0.0693398 1.7005e+00          1         93 0.0000e+00
   41.06675  -70.88234    12.2761   3.741455    32.2399     23.986     23.798    12.3541   3.747730    32.2329    76.5962     6.9898      13.54 1.0000e-12     6.5114    283.875     6.3793 -0.4204704 1.7005e+00          1         65 0.0000e+00
   41.06674  -70.88234    12.4820   3.758859    32.2299     23.065     22.884    12.5450   3.763514    32.2203    73.6264     3.7151      14.64 1.0000e-12     6.6829    291.366     6.6348  0.0795126 1.7005e+00          1         79 0.0000e+00
   41.06674  -70.88234    12.7018   3.776456    32.2097     22.027     21.855    12.6839   3.775486    32.2159    73.1015     2.6713      15.66 1.0000e-12     6.7071    292.434     6.6367  0.0834530 1.7005e+00          1         73 0.0000e+00
   41.06674  -70.88234    12.7009   3.776298    32.2094     21.031     20.867    12.6120   3.769689    32.2226    73.3395     2.5084      16.56 1.0000e-12     6.6934    291.838     6.5546 -0.2870978 1.7005e+00          1         90 0.0000e+00
   41.06674  -70.88234    12.9691   3.798680    32.1931     20.046     19.890    12.8462   3.787773    32.1946    73.7895     1.9557      17.51 1.0000e-12     6.6591    290.361     6.5326  0.0898811 1.7005e+00          1         77 0.0000e+00
   41.06674  -70.88234    13.3889   3.833375    32.1636     18.996     18.848    13.4213   3.835553    32.1566    74.5128     1.2356      18.52 1.0000e-12     6.6008    287.848     6.4788  0.0860700 1.7005e+00          1         51 0.0000e+00
   41.06672  -70.88234    13.4190   3.835963    32.1628     18.107     17.966    13.3831   3.832980    32.1652    75.5142     1.1655      19.58 1.0000e-12     6.5482    285.555     6.4274  0.0865491 1.7005e+00          1         80 0.0000e+00
   41.06672  -70.88234    13.6652   3.859220    32.1724     16.974     16.842    13.8016   3.870011    32.1579    76.8088     0.9891      20.54 1.7295e-03     6.5476    285.543     6.4150 -0.4224762 1.7005e+00          1         67 0.0000e+00
   41.06672  -70.88234    14.4372   3.925966    32.1415     15.996     15.871    13.7040   3.861598    32.1624    77.9584     0.9193      21.52 2.0806e-02     6.5536    285.854     6.4468  0.0960515 1.7005e+00          1         81 0.0000e+00
   41.06672  -70.88234    15.6212   4.037187    32.1702     14.986     14.870    15.2022   3.998671    32.1687    78.7656     0.8077      22.48 3.1929e-02     6.7098    292.736     6.4329  0.0926578 1.7005e+00          1         60 0.0000e+00
   41.06672  -70.88234    16.2031   4.088292    32.1493     14.071     13.961    16.0356   4.071413    32.1364    79.2156     0.7108      23.48 5.0583e-02     6.6913    291.968     6.6683  0.0922394 1.7005e+00          1         73 0.0000e+00
   41.06672  -70.88234    17.6826   4.218508    32.0927     12.923     12.822    18.1055   4.254661    32.0649    79.1339     0.6921      24.62 7.6032e-02     6.6421    289.931     6.5224 -0.4060649 1.7005e+00          1         67 0.0000e+00
   41.06672  -70.88234    20.9144   4.503132    31.9436     12.126     12.031    20.1470   4.436348    31.9877    79.1925     0.6820      25.51 8.9590e-02     6.2646    273.705     6.1668  0.1006692 1.7005e+00          1         61 0.0000e+00
   41.06672  -70.88234    21.5813   4.566337    31.9465     11.041     10.955    21.5082   4.559128    31.9443    79.3693     0.7237      26.64 1.2335e-01     5.7196    249.932     5.7177  0.0942653 1.7005e+00          1         76 0.0000e+00
   41.06670  -70.88234    21.7784   4.587908    31.9700      9.914      9.837    21.9536   4.602578    31.9548    79.9554     0.6752      27.82 1.7425e-01     5.5622    243.067     5.4187  0.0930941 1.7005e+00          1         70 0.0000e+00
   41.06670  -70.88234    22.6476   4.667360    31.9458      8.958      8.889    22.6332   4.665952    31.9455    80.9327     0.5015      28.80 2.5467e-01     5.4740    239.274     5.3210 -0.2169788 1.7005e+00          1        109 0.0000e+00
   41.06670  -70.88234    22.6759   4.671523    31.9573      8.082      8.019    22.7049   4.674680    31.9604    80.4906     0.3616      29.62 3.7932e-01     5.3835    235.316     5.2376  0.0930494 1.7005e+00          1         78 0.0000e+00
   41.06670  -70.88234    22.5531   4.660058    31.9595      7.009      6.954    22.5282   4.658097    31.9626    81.3626     0.3929      30.60 5.3867e-01     5.3939    235.764     5.2288  0.0941122 1.7005e+00          1         84 0.0000e+00
   41.06668  -70.88234    22.7280   4.677364    31.9647      5.930      5.884    22.6943   4.674289    31.9657    79.7753     0.3865      31.60 8.2193e-01     5.3807    235.197     5.2171 -0.2555993 1.7005e+00          1         97 0.0000e+00
   41.06668  -70.88234    22.8097   4.685491    31.9675      5.001      4.962    22.8088   4.685326    31.9669    81.4845     0.3445      32.69 1.2454e+00     5.3550    234.075     5.1891 -0.0224100 1.7005e+00          1        288 0.0000e+00
   41.06666  -70.88232    22.7837   4.683453    31.9712      4.002      3.971    22.7691   4.682199    31.9722    81.9272     0.3448      33.52 1.5721e+00     5.3506    233.884     5.1850  0.1047371 1.7005e+00          1        177 0.0000e+00
   41.06666  -70.88231    22.7642   4.681752    31.9727      3.115      3.091    22.7487   4.680337    31.9732    81.9314     0.3474      34.30 2.5927e+00     5.3541    234.034     5.1838 -0.1668364 1.7005e+00          1        123 0.0000e+00
   41.06665  -70.88230    22.7735   4.682761    31.9739      2.409      2.391    22.7709   4.682463    31.9735    81.8366     0.3475      34.93 3.1664e+00     5.3515    233.919     5.1688 -0.0139628 1.7005e+00          1        163 0.0000e+00
