en655/en655_008_1db.cnv
* Sea-Bird SBE 9 Data File:
* FileName = D:\ctd\raw\EN655_008.hex
* Software Version Seasave V 7.26.7.121
* Temperature SN = 4130
* Conductivity SN = 2822
* Number of Bytes Per Scan = 40
* Number of Voltage Words = 5
* Number of Scans Averaged by the Deck Unit = 1
* NMEA Latitude = 40 41.64 N
* NMEA Longitude = 070 46.45 W
* NMEA UTC (Time) = Jul 26 2020  14:21:31
* NMEA baud rate = 4800
** Ship: R/V Endeavor
** Cruise: EN655
** Principal Investigator: Heidi Sosik
** Chief Scientist: Heidi Sosik
** Project: NES-LTER transect
** Dates: 25 - 30 Jul 2020
** Narragansett to Narragansett, Rhode Island
** Station:  u4a
** Bottom Depth: 64
** Operator:
# nquan = 22
# nvalues = 121                         
# units = specified
# name 0 = latitude: Latitude [deg]
# name 1 = longitude: Longitude [deg]
# name 2 = t090C: Temperature [ITS-90, deg C]
# name 3 = c0S/m: Conductivity [S/m]
# name 4 = sal00: Salinity, Practical [PSU]
# name 5 = prDM: Pressure, Digiquartz [db]
# name 6 = depSM: Depth [salt water, m]
# name 7 = t190C: Temperature, 2 [ITS-90, deg C]
# name 8 = c1S/m: Conductivity, 2 [S/m]
# name 9 = sal11: Salinity, Practical, 2 [PSU]
# name 10 = CStarTr0: Beam Transmission, WET Labs C-Star [%]
# name 11 = flECO-AFL: Fluorescence, WET Labs ECO-AFL/FL [mg/m^3]
# name 12 = altM: Altimeter [m]
# name 13 = par: PAR/Irradiance, Biospherical/Licor [umol photons/m^2/sec]
# name 14 = sbeox0ML/L: Oxygen, SBE 43 [ml/l]
# name 15 = sbox0Mm/Kg: Oxygen, SBE 43 [umol/kg]
# name 16 = sbeox1ML/L: Oxygen, SBE 43, 2 [ml/l]
# name 17 = upoly0: Upoly 0, SUNA
# name 18 = spar: SPAR, Biospherical/Licor [umol photons/m^2/sec]
# name 19 = pumps: Pump Status
# name 20 = nbin: number of scans per bin
# name 21 = flag: flag
# span 0 =   40.69195,   40.69383       
# span 1 =  -70.77681,  -70.77446       
# span 2 =     7.8763,    24.2664       
# span 3 =   3.390884,   4.790930       
# span 4 =    31.6954,    32.6349       
# span 5 =      1.416,     61.692       
# span 6 =      1.405,     61.206       
# span 7 =     7.8749,    24.2637       
# span 8 =   3.391239,   4.790704       
# span 9 =    31.6940,    32.6362       
# span 10 =    65.1912,    84.5385      
# span 11 =     0.1898,     2.4547      
# span 12 =       3.77,      65.58      
# span 13 = 1.9587e-02, 1.8655e+03      
# span 14 =     5.1534,     7.6911      
# span 15 =    224.983,    335.200      
# span 16 =     4.9787,     7.5639      
# span 17 = -0.4900433,  5.9846146      
# span 18 = 1.3026e+03, 2.1217e+03      
# span 19 =          1,          1      
# span 20 =         34,       2247      
# span 21 = 0.0000e+00, 0.0000e+00      
# interval = decibars: 1                
# start_time = Jul 26 2020 14:21:31 [NMEA time, header]
# bad_flag = -9.990e-29
*END*
[from data line 66]
   40.69291  -70.77538     7.8795   3.391464    32.6286     54.923     54.492     7.8776   3.391434    32.6301    71.7300     0.2194      10.44 2.9409e-01     5.1692    225.131     5.1518  5.3500543 1.3203e+03          1         62 0.0000e+00
   40.69290  -70.77540     7.8809   3.391316    32.6261     54.024     53.600     7.8784   3.391378    32.6291    72.7989     0.2184      11.46 3.5554e-01     5.1770    225.472     5.1436  5.4251047 1.3069e+03          1         87 0.0000e+00
   40.69290  -70.77540     7.8810   3.391319    32.6265     52.961     52.546     7.8799   3.391256    32.6269    73.0532     0.2195      12.39 4.4997e-01     5.1746    225.366     5.1480  4.1060534 1.3026e+03          1         60 0.0000e+00
   40.69288  -70.77540     7.8839   3.391302    32.6240     52.040     51.631     7.8800   3.391239    32.6270    73.8475     0.2190      13.48 5.2938e-01     5.1765    225.450     5.1424  5.7637843 1.3048e+03          1         83 0.0000e+00
   40.69286  -70.77542     7.8847   3.391308    32.6238     51.023     50.623     7.8849   3.391299    32.6235    74.3137     0.2259      14.46 6.2749e-01     5.1816    225.672     5.1354  5.2148723 1.3151e+03          1         64 0.0000e+00
   40.69286  -70.77542     7.8907   3.391318    32.6189     49.959     49.567     7.8865   3.391288    32.6224    75.0147     0.2220      15.58 7.4785e-01     5.1794    225.577     5.1553  5.4932767 1.3404e+03          1         88 0.0000e+00
   40.69286  -70.77544     7.9068   3.391436    32.6055     49.024     48.640     7.8956   3.391307    32.6146    76.8560     0.2265      16.42 8.6452e-01     5.1836    225.763     5.1328  5.7181868 1.3667e+03          1         55 0.0000e+00
   40.69284  -70.77544     7.9522   3.392676    32.5768     48.130     47.753     7.9256   3.392001    32.5945    78.8424     0.2912      17.47 9.7105e-01     5.1875    225.938     5.1488  5.7023452 1.3555e+03          1         95 0.0000e+00
   40.69283  -70.77545     7.9787   3.393463    32.5611     46.941     46.573     7.9785   3.393501    32.5617    80.5782     0.3295      18.56 1.1213e+00     5.2488    228.614     5.2095  5.6301664 1.3689e+03          1         60 0.0000e+00
   40.69281  -70.77546     8.0906   3.399653    32.5234     46.012     45.651     8.0101   3.394933    32.5479    81.9596     0.4531      19.64 1.2613e+00     5.2724    229.651     5.2231  5.0177723 1.3739e+03          1         92 0.0000e+00
   40.69280  -70.77548     8.1018   3.400420    32.5216     44.985     44.633     8.1138   3.401512    32.5220    82.7301     0.5539      20.50 1.4569e+00     5.4525    237.495     5.2968  4.5466533 1.3945e+03          1         63 0.0000e+00
   40.69281  -70.77548     8.2806   3.414495    32.5053     44.112     43.766     8.2192   3.409625    32.5107    83.4073     0.6039      21.50 1.6553e+00     5.4299    236.522     5.4253  4.0177959 1.4219e+03          1         96 0.0000e+00
   40.69280  -70.77550     8.4036   3.424846    32.5015     42.958     42.622     8.3618   3.421427    32.5041    84.1227     0.6117      22.44 1.9474e+00     5.6009    243.975     5.5012  2.9465517 1.4214e+03          1         48 0.0000e+00
   40.69279  -70.77551     8.4211   3.425102    32.4885     41.969     41.640     8.3816   3.422701    32.4997    84.2462     0.6981      23.83 2.2222e+00     5.7189    249.117     5.6406  3.2366054 1.4179e+03          1        106 0.0000e+00
   40.69278  -70.77552     8.4209   3.424415    32.4819     40.998     40.678     8.4241   3.424888    32.4840    84.2805     0.7664      24.53 2.5792e+00     5.7152    248.957     5.6056  2.1648542 1.4176e+03          1         45 0.0000e+00
   40.69278  -70.77554     8.4746   3.428397    32.4747     40.124     39.810     8.4368   3.425939    32.4836    84.2168     0.8994      25.65 2.9881e+00     5.7445    250.240     5.6672  1.6207147 1.4377e+03          1        103 0.0000e+00
   40.69277  -70.77556     8.4918   3.429535    32.4715     38.839     38.535     8.4834   3.428992    32.4735    84.1934     0.9742      26.82 3.9475e+00     5.8295    253.940     5.7102  0.9754861 1.5332e+03          1         73 0.0000e+00
   40.69278  -70.77556     8.5410   3.432022    32.4526     38.043     37.745     8.5143   3.430638    32.4627    83.9669     1.4679      27.83 4.6889e+00     5.8356    254.215     5.7699  0.9682338 1.5590e+03          1         63 0.0000e+00
   40.69278  -70.77556     8.5511   3.432825    32.4522     37.112     36.822     8.5320   3.431279    32.4536    83.6067     2.2552      28.83 5.5382e+00     5.9808    260.538     5.8798  0.4730613 1.5066e+03          1         77 0.0000e+00
   40.69278  -70.77558     8.7015   3.443552    32.4270     36.003     35.722     8.6385   3.438743    32.4345    83.0277     2.4547      29.84 6.6019e+00     6.0947    265.514     6.0292  0.0710615 1.5089e+03          1         99 0.0000e+00
   40.69278  -70.77559     8.8384   3.454705    32.4187     34.846     34.574     8.7916   3.450901    32.4218    82.4231     2.0416      30.96 7.8679e+00     6.4185    279.627     6.1850 -0.3401637 1.4956e+03          1         82 0.0000e+00
   40.69277  -70.77560     8.9355   3.462683    32.4134     34.034     33.768     8.8920   3.458872    32.4134    82.3194     1.6585      31.85 8.6723e+00     6.5857    286.915     6.5084  0.0841735 1.4945e+03          1         54 0.0000e+00
   40.69276  -70.77562     8.9625   3.464766    32.4109     33.019     32.761     9.0125   3.468781    32.4070    82.8042     1.2265      32.84 1.0037e+01     6.6497    289.705     6.6099  0.0839901 1.5250e+03          1         74 0.0000e+00
   40.69276  -70.77562     9.0725   3.472311    32.3895     32.002     31.752     9.0256   3.469308    32.4010    83.1480     1.0010      33.90 1.1871e+01     6.7233    292.921     6.6740 -0.1497394 1.5493e+03          1         94 0.0000e+00
   40.69275  -70.77564     9.1849   3.479965    32.3669     30.969     30.728     9.1576   3.477859    32.3699    83.5090     1.0015      34.82 1.3997e+01     6.8106    296.737     6.6798 -0.0942492 1.5369e+03          1         67 0.0000e+00
   40.69274  -70.77566     9.4639   3.504326    32.3653     30.144     29.909     9.2620   3.486726    32.3671    83.4486     1.2415      35.76 1.5117e+01     6.8393    297.997     6.7394  0.0905144 1.4699e+03          1         57 0.0000e+00
   40.69273  -70.77566     9.7223   3.528433    32.3796     28.810     28.586     9.7070   3.526964    32.3783    83.3273     1.2546      37.11 1.7853e+01     7.0893    308.898     6.9767  0.0922942 1.4290e+03          1         84 0.0000e+00
   40.69272  -70.77568     9.7709   3.533557    32.3884     27.995     27.777     9.7290   3.528696    32.3765    83.3013     1.1560      38.02 1.9240e+01     7.2900    317.647     7.1835 -0.4539073 1.3952e+03          1         57 0.0000e+00
   40.69271  -70.77569    10.0326   3.555137    32.3727     27.099     26.888     9.8520   3.540672    32.3882    83.1525     0.9838      38.90 2.1390e+01     7.2820    317.315     7.2118  0.0739084 1.3688e+03          1        101 0.0000e+00
   40.69270  -70.77571    10.5257   3.598105    32.3658     25.933     25.731    10.3776   3.583538    32.3516    83.0504     0.7528      39.67 2.4599e+01     7.3994    322.460     7.1417  0.0932567 1.3712e+03          1         51 0.0000e+00
   40.69270  -70.77572    10.8049   3.622803    32.3650     25.027     24.832    10.6491   3.608635    32.3618    83.1433     0.7229      40.89 2.7037e+01     7.5573    329.354     7.4470  0.0986078 1.3701e+03          1         77 0.0000e+00
   40.69268  -70.77573    11.0702   3.645996    32.3609     24.127     23.939    10.6444   3.608124    32.3614    83.3499     0.6914      42.04 3.0038e+01     7.5970    331.103     7.4121 -0.3166975 1.3848e+03          1         82 0.0000e+00
   40.69268  -70.77574    11.6746   3.699608    32.3570     22.970     22.792    11.4950   3.687440    32.3954    83.4683     0.6593      42.98 3.5354e+01     7.5953    331.062     7.5017  0.1097145 1.4339e+03          1         77 0.0000e+00
   40.69268  -70.77574    11.9964   3.730077    32.3728     21.956     21.786    11.7790   3.708057    32.3487    83.4501     0.6479      44.06 4.1328e+01     7.6682    334.254     7.5273  0.1156700 1.5341e+03          1         73 0.0000e+00
   40.69266  -70.77577    13.2470   3.842314    32.3659     20.993     20.829    12.5776   3.782649    32.3752    83.2503     0.7731      44.88 4.7657e+01     7.5591    329.577     7.4843 -0.0576476 1.5841e+03          1         76 0.0000e+00
   40.69266  -70.77578    13.8194   3.890761    32.3339     20.028     19.872    13.8072   3.887277    32.3111    83.0945     0.8009      45.95 5.4092e+01     7.4503    324.880     7.4760 -0.1850517 1.5607e+03          1         65 0.0000e+00
   40.69265  -70.77579    14.6690   3.964652    32.3008     18.976     18.829    15.1338   4.004168    32.2730    82.8715     0.8289      47.02 6.0108e+01     7.4194    323.597     7.3493  0.1232012 1.5011e+03          1         68 0.0000e+00
   40.69264  -70.77581    16.6085   4.135314    32.2309     18.031     17.891    14.9091   3.984386    32.2810    81.4027     0.8854      48.06 6.5298e+01     7.1995    314.155     7.0405  0.1232012 1.4561e+03          1         79 0.0000e+00
   40.69263  -70.77582    16.6144   4.140196    32.2694     16.953     16.821    17.0254   4.174538    32.2364    81.3014     0.8518      49.03 7.3387e+01     6.8339    298.192     7.0092 -0.3255824 1.4542e+03          1         75 0.0000e+00
   40.69262  -70.77583    16.7610   4.154991    32.2802     16.048     15.924    17.1854   4.186922    32.2157    80.8265     0.8257      50.04 7.9842e+01     6.8746    299.973     6.6191  0.1166920 1.4608e+03          1         61 0.0000e+00
   40.69262  -70.77584    17.9209   4.259089    32.2479     14.987     14.870    18.1257   4.277226    32.2391    80.5954     0.6852      51.17 8.7011e+01     6.7887    296.313     6.6097  0.1239945 1.4100e+03          1         77 0.0000e+00
   40.69262  -70.77586    19.4754   4.393258    32.1514     13.945     13.837    17.9852   4.261914    32.2210    81.2957     0.5575      52.32 9.4227e+01     6.5065    284.123     6.3550  0.1246556 1.3723e+03          1         63 0.0000e+00
   40.69249  -70.77607    19.4361   4.403022    32.2541     13.284     13.181    19.5732   4.415435    32.2504    81.6598     0.6845      53.44 1.1889e+02     6.1758    269.653     5.9846  0.0091428 1.7724e+03          1       2247 0.0000e+00
   40.69232  -70.77629    18.0104   4.267694    32.2508     11.930     11.838    17.7088   4.240434    32.2584    80.4374     0.8519      54.40 1.3681e+02     6.6899    292.007     6.5914 -0.0858729 1.5877e+03          1        155 0.0000e+00
   40.69230  -70.77632    18.4161   4.304685    32.2429     11.119     11.033    18.2766   4.292257    32.2483    80.2338     0.8644      55.36 1.4440e+02     6.5486    285.870     6.4143 -0.0631826 1.5423e+03          1        176 0.0000e+00
   40.69228  -70.77635    20.0611   4.456201    32.2156      9.996      9.919    19.4521   4.399061    32.2184    80.4660     0.8410      56.69 1.6443e+02     6.3214    276.068     6.2676  0.1299263 1.5815e+03          1        109 0.0000e+00
   40.69225  -70.77638    20.9715   4.542406    32.2152      8.986      8.916    20.3086   4.481369    32.2302    81.9395     0.6271      57.87 1.8338e+02     5.8710    256.456     5.8753  0.0868521 1.6089e+03          1        121 0.0000e+00
   40.69223  -70.77640    21.8768   4.620604    32.1528      7.991      7.929    21.4825   4.585224    32.1697    83.2291     0.3956      59.28 2.1006e+02     5.6394    246.412     5.6251 -0.1170041 1.6083e+03          1        118 0.0000e+00
   40.69221  -70.77643    22.7272   4.676995    31.9629      7.008      6.954    22.4416   4.657150    32.0195    82.6302     0.4450      59.76 2.2990e+02     5.4607    238.694     5.3400  0.1234623 1.7284e+03          1        117 0.0000e+00
   40.69218  -70.77646    23.8422   4.755758    31.7540      6.026      5.979    23.6331   4.740761    31.7911    81.8113     0.4902      60.77 2.6967e+02     5.2605    230.049     5.1528 -0.1420560 1.7184e+03          1        130 0.0000e+00
   40.69218  -70.77648    24.0560   4.772128    31.7241      5.001      4.963    23.9655   4.764504    31.7316    81.5547     0.4690      61.88 3.3631e+02     5.1881    226.904     5.0394  0.1234436 1.7157e+03          1        126 0.0000e+00
   40.69217  -70.77650    24.1861   4.781446    31.7013      4.029      3.998    24.1683   4.779807    31.7018    81.4777     0.4529      63.08 4.0579e+02     5.1734    226.273     5.0191 -0.2030702 1.6463e+03          1        107 0.0000e+00
   40.69216  -70.77652    24.2293   4.784815    31.6960      3.102      3.078    24.2164   4.783512    31.6954    81.4486     0.4265      63.92 5.0146e+02     5.1700    226.128     4.9787  0.1237515 1.6991e+03          1        111 0.0000e+00
   40.69214  -70.77655    24.2535   4.787007    31.6954      2.211      2.194    24.2452   4.786036    31.6940    81.4287     0.4102      65.47 7.6209e+02     5.1542    225.437     4.9793  0.1243430 1.7785e+03          1        107 0.0000e+00
   40.69195  -70.77681    24.2660   4.788516    31.6979      1.416      1.405    24.2637   4.788180    31.6971    81.3921     0.3765      65.58 1.8655e+03     5.1593    225.661     4.9815  0.0890645 1.7392e+03          1         34 0.0000e+00
