en655/en655_009_1db.cnv
* Sea-Bird SBE 9 Data File:
* FileName = D:\ctd\raw\EN655_009.hex
* Software Version Seasave V 7.26.7.121
* Temperature SN = 4130
* Conductivity SN = 2822
* Number of Bytes Per Scan = 40
* Number of Voltage Words = 5
* Number of Scans Averaged by the Deck Unit = 1
* NMEA Latitude = 40 41.68 N
* NMEA Longitude = 070 59.62 W
* NMEA UTC (Time) = Jul 26 2020  15:51:13
* NMEA baud rate = 4800
** Ship: R/V Endeavor
** Cruise: EN655
** Principal Investigator: Heidi Sosik
** Chief Scientist: Heidi Sosik
** Project: NES-LTER transect
** Dates: 25 - 30 Jul 2020
** Narragansett to Narragansett, Rhode Island
** Station:  d4a
** Bottom Depth: 64
** Operator:  Pierre
# nquan = 22
# nvalues = 113                         
# units = specified
# name 0 = latitude: Latitude [deg]
# name 1 = longitude: Longitude [deg]
# name 2 = t090C: Temperature [ITS-90, deg C]
# name 3 = c0S/m: Conductivity [S/m]
# name 4 = sal00: Salinity, Practical [PSU]
# name 5 = prDM: Pressure, Digiquartz [db]
# name 6 = depSM: Depth [salt water, m]
# name 7 = t190C: Temperature, 2 [ITS-90, deg C]
# name 8 = c1S/m: Conductivity, 2 [S/m]
# name 9 = sal11: Salinity, Practical, 2 [PSU]
# name 10 = CStarTr0: Beam Transmission, WET Labs C-Star [%]
# name 11 = flECO-AFL: Fluorescence, WET Labs ECO-AFL/FL [mg/m^3]
# name 12 = altM: Altimeter [m]
# name 13 = par: PAR/Irradiance, Biospherical/Licor [umol photons/m^2/sec]
# name 14 = sbeox0ML/L: Oxygen, SBE 43 [ml/l]
# name 15 = sbox0Mm/Kg: Oxygen, SBE 43 [umol/kg]
# name 16 = sbeox1ML/L: Oxygen, SBE 43, 2 [ml/l]
# name 17 = upoly0: Upoly 0, SUNA
# name 18 = spar: SPAR, Biospherical/Licor [umol photons/m^2/sec]
# name 19 = pumps: Pump Status
# name 20 = nbin: number of scans per bin
# name 21 = flag: flag
# span 0 =   40.69325,   40.69464       
# span 1 =  -70.99507,  -70.99380       
# span 2 =     7.9049,    24.3345       
# span 3 =   3.389043,   4.802401       
# span 4 =    31.7323,    32.5971       
# span 5 =      1.302,     60.568       
# span 6 =      1.292,     60.091       
# span 7 =     7.9051,    24.3303       
# span 8 =   3.389019,   4.801395       
# span 9 =    31.7288,    32.5972       
# span 10 =    75.2880,    85.4229      
# span 11 =     0.1900,     1.4025      
# span 12 =       3.48,      62.76      
# span 13 = 2.7640e-01, 1.9426e+03      
# span 14 =     4.6467,     7.9696      
# span 15 =    202.397,    347.350      
# span 16 =     4.6395,     7.7906      
# span 17 = -1.0973269,  5.1752252      
# span 18 = 1.3101e+03, 3.0754e+03      
# span 19 =          1,          1      
# span 20 =         34,       1573      
# span 21 = 0.0000e+00, 0.0000e+00      
# interval = decibars: 1                
# start_time = Jul 26 2020 15:51:13 [NMEA time, header]
# bad_flag = -9.990e-29
*END*
   40.69464  -70.99380    21.6442   4.557076    31.8276      9.047      8.977    21.6741   4.559435    31.8239    78.5838     0.8021      56.04 1.8995e+02     5.8576    255.990     5.7131 -0.1041558 1.5341e+03          1        480 0.0000e+00
   40.69446  -70.99398    23.4128   4.713828    31.7446     10.001      9.924    23.5030   4.723847    31.7555    80.8321     0.5391      55.57 1.9537e+02     5.2643    230.189     5.1429 -1.0973269 1.8941e+03          1         76 0.0000e+00
   40.69446  -70.99400    21.6910   4.560787    31.8228     10.971     10.886    21.7694   4.569803    31.8352    78.4971     0.7860      54.64 1.8340e+02     5.5606    243.017     5.4092 -0.9598358 2.5272e+03          1         61 0.0000e+00
   40.69446  -70.99400    20.9125   4.496893    31.8977     12.040     11.946    21.1015   4.512007    31.8764    77.8248     0.8927      53.47 1.6808e+02     5.9492    259.929     5.7589 -0.7231807 2.4517e+03          1         83 0.0000e+00
   40.69446  -70.99402    19.5615   4.388146    32.0446     12.976     12.875    19.6434   4.398816    32.0690    76.9218     0.9998      52.96 1.3989e+02     6.1436    268.305     5.9441 -1.0877859 2.0274e+03          1         54 0.0000e+00
   40.69444  -70.99402    18.2090   4.276442    32.1675     13.951     13.843    18.3578   4.289214    32.1582    75.2880     1.2262      51.73 1.1324e+02     6.5258    284.873     6.3520 -0.5924935 1.7345e+03          1         81 0.0000e+00
   40.69444  -70.99402    17.2899   4.195630    32.2077     14.979     14.863    17.3419   4.202288    32.2233    75.5932     1.1857      51.01 9.4896e+01     6.8958    300.951     6.6448 -1.0780035 1.6909e+03          1         61 0.0000e+00
   40.69444  -70.99404    15.8738   4.076312    32.3103     16.005     15.881    15.9839   4.087479    32.3191    77.1146     1.0554      49.58 8.1270e+01     7.0079    305.723     6.8032 -1.0351321 1.6341e+03          1         66 0.0000e+00
   40.69444  -70.99404    15.0728   4.006703    32.3470     16.947     16.815    15.2066   4.020406    32.3595    78.5879     0.9771      48.60 6.8134e+01     7.3763    321.731     7.1709 -0.6592902 1.5444e+03          1         63 0.0000e+00
   40.69444  -70.99404    13.9788   3.909809    32.3763     18.057     17.917    14.0312   3.917085    32.3993    79.5642     0.9614      47.24 5.8288e+01     7.5299    328.352     7.2993 -1.0710436 1.6042e+03          1         70 0.0000e+00
   40.69444  -70.99406    13.2411   3.843663    32.3850     18.956     18.809    13.2944   3.849986    32.3989    80.2456     0.9343      46.30 5.4330e+01     7.7509    337.935     7.5576 -0.5301788 1.8830e+03          1         74 0.0000e+00
   40.69444  -70.99406    12.4515   3.773835    32.4004     19.995     19.840    12.4800   3.777228    32.4082    80.8001     0.9219      45.28 5.3931e+01     7.8053    340.252     7.6196 -1.0715826 2.3667e+03          1         51 0.0000e+00
   40.69444  -70.99407    12.0353   3.736911    32.4057     20.958     20.795    12.1090   3.748359    32.4519    81.0105     0.9368      43.97 5.0028e+01     7.8897    343.905     7.7201 -1.0141914 2.4623e+03          1         88 0.0000e+00
   40.69444  -70.99408    11.4940   3.689926    32.4211     22.044     21.872    11.5117   3.692484    32.4305    81.6523     0.9502      43.30 4.7937e+01     7.9696    347.350     7.7807  0.1419012 2.6243e+03          1         49 0.0000e+00
   40.69442  -70.99408    11.3612   3.677290    32.4135     22.886     22.708    11.3885   3.680509    32.4211    81.8757     0.9655      42.07 4.1002e+01     7.8896    343.858     7.7210  0.1293872 2.2874e+03          1         79 0.0000e+00
   40.69444  -70.99410    11.2199   3.664597    32.4125     24.032     23.844    11.2303   3.666034    32.4175    81.6578     1.0063      41.03 2.9641e+01     7.9096    344.722     7.7906  0.1267712 1.7163e+03          1         77 0.0000e+00
   40.69444  -70.99411    10.9332   3.639103    32.4132     24.986     24.791    10.9437   3.640958    32.4223    81.6800     1.0903      40.20 2.3994e+01     7.9008    344.322     7.7640 -0.1484396 1.5380e+03          1         47 0.0000e+00
   40.69443  -70.99412    10.6213   3.611372    32.4136     25.870     25.668    10.6642   3.615738    32.4190    81.9048     1.0799      38.99 2.1353e+01     7.8446    341.853     7.6943 -0.0883943 1.5728e+03          1         83 0.0000e+00
   40.69442  -70.99412    10.1024   3.566297    32.4233     27.101     26.889    10.1123   3.567898    32.4306    82.4456     1.0389      38.12 1.8703e+01     7.8860    343.625     7.7319  0.1212922 1.6245e+03          1         48 0.0000e+00
   40.69442  -70.99412    10.0139   3.557116    32.4095     27.798     27.581    10.0365   3.560450    32.4229    82.8063     1.0348      37.01 1.8469e+01     7.5291    328.072     7.3676  0.1121614 1.7494e+03          1         83 0.0000e+00
   40.69442  -70.99413     9.7855   3.536354    32.4032     29.076     28.849     9.7950   3.537715    32.4086    83.2875     0.9646      35.82 1.4850e+01     7.4109    322.912     7.3075 -0.2884237 1.5625e+03          1         86 0.0000e+00
   40.69442  -70.99414     9.5715   3.516876    32.3969     29.989     29.755     9.5759   3.518071    32.4051    83.3519     0.9806      35.08 1.2436e+01     7.3155    318.747     7.1944  0.0946074 1.5029e+03          1         47 0.0000e+00
   40.69442  -70.99414     9.3549   3.497133    32.3897     31.052     30.810     9.3553   3.497861    32.3969    83.5705     0.9389      33.77 1.1595e+01     7.1591    311.923     7.0115  0.0962511 1.7232e+03          1         85 0.0000e+00
   40.69442  -70.99415     9.1537   3.479443    32.3894     32.001     31.751     9.1717   3.481576    32.3950    83.3047     1.1337      32.99 1.4019e+01     7.0316    306.359     6.9197  0.0939304 2.7672e+03          1         48 0.0000e+00
   40.69442  -70.99416     9.0192   3.467674    32.3894     32.895     32.639     9.0177   3.467873    32.3929    82.8667     1.4025      31.85 1.6928e+01     6.7013    291.960     6.5263 -0.2863059 2.9915e+03          1         81 0.0000e+00
   40.69442  -70.99418     8.8322   3.451429    32.3906     33.991     33.725     8.8395   3.452410    32.3942    82.9180     1.3107      30.92 1.2368e+01     6.2806    273.621     6.1798  0.0596904 2.2202e+03          1         63 0.0000e+00
   40.69442  -70.99418     8.7245   3.442607    32.3966     35.007     34.734     8.7248   3.442778    32.3981    83.2718     1.2317      29.84 8.3255e+00     6.1503    267.941     6.0833  0.0834144 1.8130e+03          1         76 0.0000e+00
   40.69442  -70.99418     8.7056   3.441850    32.4055     36.030     35.748     8.7062   3.442127    32.4079    83.7767     1.0357      28.87 6.6857e+00     5.9872    260.831     5.8565  0.0766813 1.7725e+03          1         65 0.0000e+00
   40.69442  -70.99418     8.6328   3.436198    32.4126     36.936     36.647     8.6378   3.436900    32.4154    83.7869     1.1098      27.80 6.2927e+00     5.6612    246.626     5.6255 -0.3256934 2.1685e+03          1         66 0.0000e+00
   40.69441  -70.99420     8.5194   3.427546    32.4255     38.058     37.761     8.5201   3.427769    32.4272    84.8438     0.7737      26.59 6.2784e+00     5.8726    255.830     5.8533 -0.0263422 2.3244e+03          1         77 0.0000e+00
   40.69440  -70.99420     8.5052   3.427206    32.4345     38.993     38.688     8.5027   3.427197    32.4367    84.7113     0.8471      25.72 4.8632e+00     6.1176    266.501     6.1347  0.0740662 1.9276e+03          1         69 0.0000e+00
   40.69440  -70.99421     8.4188   3.420270    32.4406     40.029     39.716     8.4263   3.421244    32.4440    84.6768     0.9264      24.63 4.3038e+00     6.2280    271.305     6.2028  0.0743318 2.3145e+03          1         65 0.0000e+00
   40.69440  -70.99422     8.3578   3.414786    32.4386     40.912     40.591     8.3601   3.415257    32.4415    84.5583     1.0138      23.68 4.5688e+00     6.1793    269.181     6.1155 -0.3974674 2.1720e+03          1         64 0.0000e+00
   40.69440  -70.99423     8.3191   3.412996    32.4549     42.039     41.710     8.3216   3.413369    32.4566    85.2598     0.7325      22.52 2.9818e+00     6.1174    266.482     6.0584  0.0388051 1.6682e+03          1         76 0.0000e+00
   40.69440  -70.99424     8.2711   3.409715    32.4641     43.010     42.673     8.2706   3.409866    32.4662    85.4229     0.6196      21.64 2.2101e+00     6.0465    263.389     5.9980  0.1305737 1.5332e+03          1         58 0.0000e+00
   40.69440  -70.99424     8.2236   3.406827    32.4771     43.959     43.614     8.2242   3.407012    32.4785    85.1948     0.3283      20.50 1.9156e+00     5.7775    251.667     5.6782  0.0682918 1.5520e+03          1         89 0.0000e+00
   40.69440  -70.99425     8.1788   3.404510    32.4935     45.000     44.648     8.1811   3.404796    32.4944    84.4612     0.1954      19.66 1.8379e+00     4.9854    217.156     4.7600 -0.3305857 1.7140e+03          1         49 0.0000e+00
   40.69438  -70.99426     8.0968   3.399255    32.5134     45.962     45.602     8.1146   3.400624    32.5114    84.1721     0.2811      18.45 2.1913e+00     4.6467    202.397     4.6395  0.3396606 2.1723e+03          1         92 0.0000e+00
   40.69438  -70.99428     8.0099   3.392914    32.5262     47.032     46.663     8.0224   3.394176    32.5280    84.6069     0.3832      17.73 2.3528e+00     4.8122    209.602     4.8394  0.2786129 2.5156e+03          1         34 0.0000e+00
   40.69438  -70.99428     7.9969   3.392019    32.5284     47.852     47.477     7.9978   3.392252    32.5300    84.5315     0.3440      16.54 1.9352e+00     5.1089    222.527     5.1102  0.6412040 2.2091e+03          1         99 0.0000e+00
   40.69438  -70.99428     7.9604   3.390008    32.5404     49.018     48.633     7.9595   3.390077    32.5419    83.9610     0.2483      15.46 1.3794e+00     5.1706    225.211     5.1479  0.8056697 1.9807e+03          1         61 0.0000e+00
   40.69438  -70.99430     7.9560   3.389756    32.5413     50.026     49.633     7.9542   3.389772    32.5431    83.5707     0.2302      14.33 1.3360e+00     5.0640    220.568     5.0432  2.0496399 2.0363e+03          1         83 0.0000e+00
   40.69438  -70.99430     7.9510   3.389611    32.5439     50.996     50.596     7.9495   3.389624    32.5455    83.3570     0.2195      13.47 1.1193e+00     5.0362    219.354     5.0248  1.3102801 1.8235e+03          1         52 0.0000e+00
   40.69436  -70.99430     7.9435   3.389396    32.5481     52.111     51.702     7.9429   3.389466    32.5494    82.9878     0.2004      12.15 9.2199e-01     5.0165    218.496     5.0134  2.0734632 1.8492e+03          1         88 0.0000e+00
   40.69436  -70.99432     7.9393   3.389289    32.5505     52.924     52.509     7.9385   3.389333    32.5517    82.7301     0.1930      11.39 9.3233e-01     5.0083    218.137     4.9996  1.8919386 2.2619e+03          1         55 0.0000e+00
   40.69436  -70.99432     7.9339   3.389182    32.5539     54.124     53.699     7.9326   3.389219    32.5555    82.3081     0.1932      10.17 9.5992e-01     5.0091    218.173     5.0049  2.4312332 2.4988e+03          1         76 0.0000e+00
   40.69436  -70.99432     7.9324   3.389211    32.5552     54.895     54.464     7.9304   3.389209    32.5570    82.0724     0.1991       9.36 6.8905e-01     5.0140    218.386     5.0179  2.8783145 1.7442e+03          1         59 0.0000e+00
   40.69436  -70.99434     7.9268   3.389163    32.5594     56.063     55.622     7.9247   3.389156    32.5612    81.7397     0.1966       8.17 4.5753e-01     5.0147    218.415     5.0137  3.6736018 1.6393e+03          1         87 0.0000e+00
   40.69436  -70.99434     7.9222   3.389215    32.5638     56.943     56.495     7.9209   3.389220    32.5650    81.3235     0.2021       7.23 3.7564e-01     5.0156    218.452     5.0151  4.0421161 1.5963e+03          1         75 0.0000e+00
   40.69434  -70.99436     7.9169   3.389444    32.5707     57.940     57.484     7.9160   3.389451    32.5717    80.7656     0.2048       6.21 3.3811e-01     5.0137    218.370     5.0124  4.2884612 1.6723e+03          1        129 0.0000e+00
   40.69434  -70.99437     7.9124   3.389810    32.5783     59.050     58.585     7.9120   3.389787    32.5785    80.2625     0.2006       5.10 3.2243e-01     5.0036    217.931     5.0104  4.4508267 1.8792e+03          1        125 0.0000e+00
   40.69434  -70.99438     7.9067   3.390709    32.5928     60.025     59.553     7.9053   3.390606    32.5930    79.0723     0.1911       4.13 2.9877e-01     5.0007    217.798     4.9979  4.9067307 1.8394e+03          1         83 0.0000e+00
   40.69431  -70.99444     7.9049   3.390982    32.5971     60.568     60.091     7.9051   3.391007    32.5972    78.4797     0.1900       3.48 2.7640e-01     4.9649    216.239     4.9594  4.8714812 1.8775e+03          1        265 0.0000e+00
   40.69429  -70.99446     7.9114   3.391159    32.5932     59.959     59.487     7.9083   3.391065    32.5951    78.2875     0.2107       3.92 3.6078e-01     4.9538    215.756     4.9299  5.0171579 2.0930e+03          1         87 0.0000e+00
   40.69428  -70.99447     7.9210   3.391376    32.5870     58.995     58.531     7.9172   3.391313    32.5899    78.7375     0.2091       4.86 4.0624e-01     4.9682    216.386     4.9549  4.5040502 2.1115e+03          1         72 0.0000e+00
   40.69428  -70.99448     7.9183   3.391206    32.5881     58.041     57.585     7.9157   3.391039    32.5888    79.0982     0.2325       5.83 4.3393e-01     4.9740    216.639     4.9608  5.0564143 1.8220e+03          1         66 0.0000e+00
   40.69428  -70.99449     7.9167   3.390315    32.5807     56.879     56.432     7.9153   3.390369    32.5826    79.4233     0.2152       7.00 5.1566e-01     4.9735    216.616     4.9623  5.1752252 1.8678e+03          1         79 0.0000e+00
   40.69426  -70.99450     7.9189   3.389843    32.5740     56.083     55.642     7.9167   3.390438    32.5823    79.4630     0.2205       7.75 6.2118e-01     4.9931    217.474     4.9685  4.6039100 2.1303e+03          1         50 0.0000e+00
   40.69426  -70.99450     7.9217   3.389509    32.5684     54.964     54.532     7.9182   3.389563    32.5721    80.1741     0.2115       8.96 9.5356e-01     4.9977    217.672     4.9715  4.8347817 2.9698e+03          1         85 0.0000e+00
   40.69426  -70.99451     7.9271   3.389115    32.5596     53.984     53.560     7.9217   3.389414    32.5678    80.4734     0.2124       9.89 1.2435e+00     5.0030    217.907     4.9817  4.0556569 3.0417e+03          1         52 0.0000e+00
   40.69426  -70.99452     7.9261   3.389341    32.5633     53.065     52.648     7.9231   3.389302    32.5657    80.7203     0.2180      10.91 1.3376e+00     5.0042    217.956     4.9682  4.4435183 2.8288e+03          1         78 0.0000e+00
   40.69426  -70.99452     7.9317   3.389076    32.5557     51.958     51.550     7.9293   3.389048    32.5577    81.2561     0.2200      12.02 1.4306e+00     5.0070    218.079     4.9664  3.8143645 2.7497e+03          1         80 0.0000e+00
   40.69425  -70.99452     7.9349   3.389059    32.5531     50.932     50.533     7.9324   3.389065    32.5554    81.4747     0.2174      12.91 1.4282e+00     4.9981    217.693     4.9736  3.2092768 2.5301e+03          1         51 0.0000e+00
   40.69424  -70.99453     7.9382   3.389043    32.5502     50.144     49.750     7.9340   3.389025    32.5540    81.7958     0.2288      13.81 1.5264e+00     5.0066    218.064     4.9582  3.4423787 2.3750e+03          1         76 0.0000e+00
   40.69424  -70.99454     7.9409   3.389085    32.5487     48.952     48.567     7.9377   3.389019    32.5509    82.1814     0.2401      15.02 1.8725e+00     5.0072    218.093     4.9619  4.0380945 2.6786e+03          1         80 0.0000e+00
