en655/en655_013_1db.cnv
* Sea-Bird SBE 9 Data File:
* FileName = D:\ctd\raw\EN655_013.hex
* Software Version Seasave V 7.26.7.121
* Temperature SN = 4130
* Conductivity SN = 2822
* Number of Bytes Per Scan = 40
* Number of Voltage Words = 5
* Number of Scans Averaged by the Deck Unit = 1
* NMEA Latitude = 39 46.12 N
* NMEA Longitude = 070 46.81 W
* NMEA UTC (Time) = Jul 27 2020  14:59:27
* NMEA baud rate = 4800
** Ship: R/V Endeavor
** Cruise: EN655
** Principal Investigator: Heidi Sosik
** Chief Scientist: Heidi Sosik
** Project: NES-LTER transect
** Dates: 25 - 30 Jul 2020
** Narragansett to Narragansett, Rhode Island
** Station:  u11a
** Bottom Depth: 1714
** Operator:
** Transmissometer 399DR disconnected. Spikes and possible intermittent bad data on previous casts.
** Transmissometer 593DR installed and connected.
** V0 Transmissometer and V1 Fluorometer to SBE9+ cable swapped with previous one. There were modulo errors on the previous cast EN655_012
# nquan = 22
# nvalues = 516                         
# units = specified
# name 0 = latitude: Latitude [deg]
# name 1 = longitude: Longitude [deg]
# name 2 = t090C: Temperature [ITS-90, deg C]
# name 3 = c0S/m: Conductivity [S/m]
# name 4 = sal00: Salinity, Practical [PSU]
# name 5 = prDM: Pressure, Digiquartz [db]
# name 6 = depSM: Depth [salt water, m]
# name 7 = t190C: Temperature, 2 [ITS-90, deg C]
# name 8 = c1S/m: Conductivity, 2 [S/m]
# name 9 = sal11: Salinity, Practical, 2 [PSU]
# name 10 = CStarTr0: Beam Transmission, WET Labs C-Star [%]
# name 11 = flECO-AFL: Fluorescence, WET Labs ECO-AFL/FL [mg/m^3]
# name 12 = altM: Altimeter [m]
# name 13 = par: PAR/Irradiance, Biospherical/Licor [umol photons/m^2/sec]
# name 14 = sbeox0ML/L: Oxygen, SBE 43 [ml/l]
# name 15 = sbox0Mm/Kg: Oxygen, SBE 43 [umol/kg]
# name 16 = sbeox1ML/L: Oxygen, SBE 43, 2 [ml/l]
# name 17 = upoly0: Upoly 0, SUNA
# name 18 = spar: SPAR, Biospherical/Licor [umol photons/m^2/sec]
# name 19 = pumps: Pump Status
# name 20 = nbin: number of scans per bin
# name 21 = flag: flag
# span 0 =   39.76483,   39.76868       
# span 1 =  -70.78211,  -70.78021       
# span 2 =    10.4903,    25.7945       
# span 3 =   3.901215,   5.347247       
# span 4 =    33.2396,    90.4894       
# span 5 =      1.144,   6452.777       
# span 6 =      1.135,   6309.227       
# span 7 =    10.4569,    25.7938       
# span 8 =   3.897506,   7.498248       
# span 9 =    33.2434,   103.3226       
# span 10 =    83.0141,    88.3217      
# span 11 =    -0.0402,     1.9328      
# span 12 =       0.27,      77.65      
# span 13 = 1.0000e-12, 9.2192e+02      
# span 14 =     0.5584,     6.7876      
# span 15 =     94.196,    295.523      
# span 16 =     1.5496,     6.6692      
# span 17 = -0.9509064,  23.986107      
# span 18 = 2.2565e+03, 2.3740e+03      
# span 19 =          1,          1      
# span 20 =          1,       1225      
# span 21 = 0.0000e+00, 0.0000e+00      
# interval = decibars: 1                
# start_time = Jul 27 2020 14:59:27 [NMEA time, header]
# bad_flag = -9.990e-29
*END*
[from data line 66]
   39.76802  -70.78052    13.2831   4.123530    34.9669     69.056     68.516    13.2750   4.122565    34.9652    87.5594     0.1988      23.28 3.5906e+00     5.0928    221.612     5.0897  1.5704004 2.2945e+03          1         55 0.0000e+00
   39.76802  -70.78052    13.3227   4.129377    34.9855     69.945     69.399    13.3164   4.128584    34.9838    87.5575     0.2005      24.02 3.3773e+00     5.1251    223.017     5.0812  2.1639953 2.2941e+03          1         49 0.0000e+00
   39.76800  -70.78052    13.3134   4.129077    34.9907     71.002     70.447    13.3119   4.128961    34.9910    87.5683     0.1980      15.51 3.1270e+00     5.1164    222.637     5.1159  2.1982975 2.2809e+03          1         33 0.0000e+00
   39.76800  -70.78053    13.4241   4.143808    35.0278     72.035     71.472    13.4127   4.142092    35.0221    87.6375     0.1704      21.59 2.9641e+00     5.0969    221.788     5.0981  2.3276339 2.2851e+03          1         46 0.0000e+00
   39.76800  -70.78054    13.4433   4.147060    35.0406     72.903     72.333    13.4423   4.146994    35.0409    87.6787     0.1628       7.35 2.7989e+00     5.1000    221.919     5.0773  2.2071654 2.2951e+03          1         74 0.0000e+00
   39.76798  -70.78054    13.5020   4.156120    35.0716     73.947     73.369    13.4862   4.153449    35.0610    87.7031     0.1442       0.39 2.6528e+00     5.0616    220.249     5.0641  3.0095473 2.2898e+03          1         38 0.0000e+00
   39.76798  -70.78054    13.6645   4.178633    35.1339     75.044     74.457    13.6633   4.178745    35.1361    87.7556     0.1352      11.20 2.4678e+00     5.0647    220.379     5.0537  1.6383119 2.2925e+03          1         38 0.0000e+00
   39.76797  -70.78054    13.5954   4.171766    35.1324     75.991     75.397    13.5971   4.172288    35.1358    87.7073     0.1127      12.84 2.3180e+00     5.0634    220.321     5.0598  2.3177971 2.2902e+03          1         54 0.0000e+00
   39.76796  -70.78054    13.5676   4.169058    35.1320     77.055     76.452    13.5634   4.168700    35.1325    87.7558     0.1031      18.73 2.1851e+00     5.0770    220.912     5.0754  1.7149129 2.2853e+03          1         53 0.0000e+00
   39.76796  -70.78056    13.6191   4.176813    35.1573     77.903     77.294    13.6014   4.174389    35.1508    87.7557     0.1032      26.52 2.0685e+00     5.1277    223.116     5.1162  1.6503685 2.2884e+03          1         56 0.0000e+00
   39.76794  -70.78056    13.5131   4.166056    35.1531     78.979     78.360    13.5148   4.166747    35.1580    87.8382     0.0800      18.08 1.9371e+00     5.1777    225.287     5.1394  1.9523113 2.2862e+03          1         35 0.0000e+00
   39.76794  -70.78056    13.5290   4.169571    35.1712     79.963     79.337    13.5222   4.168219    35.1647    87.8377     0.0662      10.58 1.8674e+00     5.1114    222.399     5.0952  2.8110156 2.2867e+03          1         43 0.0000e+00
   39.76794  -70.78057    13.6164   4.181248    35.2002     80.945     80.311    13.6017   4.179193    35.1945    87.9040     0.0560       9.99 1.7469e+00     5.0898    221.457     5.0702  3.0606285 2.2913e+03          1         58 0.0000e+00
   39.76792  -70.78058    13.8026   4.206691    35.2674     81.978     81.336    13.7953   4.205654    35.2644    87.9107     0.0632      43.48 1.6497e+00     5.0377    219.191     5.0502  3.0352168 2.2839e+03          1         47 0.0000e+00
   39.76792  -70.78058    13.8343   4.211571    35.2836     83.022     82.371    13.8316   4.211304    35.2836    87.9351     0.0675       0.32 1.5737e+00     4.9824    216.779     4.9741  3.9789350 2.2808e+03          1         42 0.0000e+00
   39.76792  -70.78058    13.8342   4.212476    35.2917     84.060     83.400    13.8325   4.212356    35.2922    87.9042     0.0549       0.42 1.4743e+00     4.9267    214.356     4.9098  4.4877830 2.2849e+03          1         49 0.0000e+00
   39.76791  -70.78058    13.8494   4.215374    35.3046     84.918     84.252    13.8364   4.213699    35.3008    87.9571     0.0588      19.04 1.4103e+00     4.8993    213.165     4.9056  3.7551241 2.2851e+03          1         67 0.0000e+00
   39.76790  -70.78058    13.8517   4.216112    35.3088     85.961     85.286    13.8515   4.216369    35.3115    87.9494     0.0469       3.60 1.3419e+00     4.8937    212.921     4.8951  3.7696825 2.2838e+03          1         31 0.0000e+00
   39.76789  -70.78060    13.7975   4.210328    35.3041     87.076     86.392    13.8009   4.210938    35.3067    87.9456     0.0474      10.67 1.2565e+00     4.8836    212.479     4.8983  4.5883784 2.2828e+03          1         47 0.0000e+00
   39.76788  -70.78060    13.7267   4.202502    35.2955     87.913     87.222    13.7477   4.205359    35.3030    87.9233     0.0445       9.27 1.2043e+00     4.8880    212.666     4.8935  3.9883228 2.2827e+03          1         55 0.0000e+00
   39.76788  -70.78060    13.6318   4.191541    35.2795     89.071     88.372    13.6344   4.192216    35.2834    87.9566     0.0408      21.45 1.1319e+00     4.8994    213.163     4.9067  3.9853098 2.2823e+03          1         47 0.0000e+00
   39.76786  -70.78060    13.5818   4.185753    35.2708     89.977     89.270    13.5924   4.187353    35.2760    87.9772     0.0305      18.56 1.0796e+00     4.9329    214.618     4.9381  4.1528164 2.2775e+03          1         58 0.0000e+00
   39.76786  -70.78060    13.5798   4.186104    35.2755     91.027     90.312    13.5771   4.185940    35.2764    87.9704     0.0338      26.47 1.0226e+00     4.9448    215.134     4.9427  3.9376486 2.2826e+03          1         44 0.0000e+00
   39.76784  -70.78060    13.5560   4.183753    35.2750     91.985     91.262    13.5584   4.184377    35.2786    87.9556     0.0250       0.44 9.8546e-01     4.9345    214.687     4.9357  5.0113112 2.2837e+03          1         52 0.0000e+00
   39.76784  -70.78060    13.5310   4.181442    35.2758     92.993     92.261    13.5304   4.181638    35.2782    87.9915     0.0309       3.69 9.2724e-01     4.9118    213.698     4.9038  4.8834714 2.2766e+03          1         34 0.0000e+00
   39.76782  -70.78062    13.5461   4.184595    35.2912     94.073     93.333    13.5431   4.184062    35.2889    88.0059     0.0225      23.40 8.7940e-01     4.9105    213.638     4.9147  4.3967243 2.2827e+03          1         72 0.0000e+00
   39.76781  -70.78062    13.5731   4.188748    35.3049     94.944     94.197    13.5683   4.188190    35.3041    87.9987     0.0144      14.79 8.4066e-01     4.8828    212.435     4.9001  4.5061713 2.2757e+03          1         42 0.0000e+00
   39.76780  -70.78062    13.5931   4.191876    35.3155     96.013     95.257    13.5915   4.191929    35.3175    88.0542     0.0112       4.34 7.9724e-01     4.8762    212.147     4.8876  5.3782230 2.2742e+03          1         39 0.0000e+00
   39.76780  -70.78063    13.5922   4.191828    35.3155     97.090     96.325    13.5904   4.191874    35.3175    88.0355     0.0116      22.69 7.5678e-01     4.8622    211.534     4.8678  4.8407164 2.2802e+03          1         64 0.0000e+00
   39.76779  -70.78064    13.5842   4.190948    35.3142     97.928     97.157    13.5843   4.191303    35.3175    88.0615     0.0164      24.79 7.2538e-01     4.8640    211.615     4.8710  5.7555241 2.2751e+03          1         47 0.0000e+00
   39.76778  -70.78064    13.5366   4.185749    35.3087     98.999     98.219    13.5339   4.185655    35.3104    88.0254     0.0005      17.98 6.8562e-01     4.8638    211.606     4.8862  5.0038481 2.2755e+03          1         34 0.0000e+00
   39.76777  -70.78066    13.5717   4.190704    35.3226     99.998     99.210    13.5666   4.190146    35.3220    88.0311     0.0095      19.24 6.5571e-01     4.8554    211.236     4.8650  5.1585581 2.2777e+03          1         64 0.0000e+00
   39.76776  -70.78066    13.5784   4.191710    35.3254    100.951    100.155    13.5757   4.191566    35.3266    88.0388     0.0019      14.34 6.2725e-01     4.8414    210.628     4.8540  5.4920426 2.2716e+03          1         45 0.0000e+00
   39.76774  -70.78068    13.6446   4.200643    35.3479    101.995    101.191    13.6341   4.199125    35.3433    88.0629     0.0093       0.52 6.0052e-01     4.8254    209.933     4.8320  5.6854838 2.2719e+03          1         36 0.0000e+00
   39.76774  -70.78068    13.7035   4.209578    35.3772    103.013    102.200    13.7081   4.210353    35.3802    88.0541     0.0053      10.45 5.6902e-01     4.8307    210.159     4.8454  4.4710464 2.2755e+03          1         60 0.0000e+00
   39.76773  -70.78068    13.6297   4.201397    35.3680    104.012    103.191    13.6302   4.201837    35.3716    88.0292     0.0021      10.60 5.3872e-01     4.8216    209.764     4.8204  5.7511446 2.2760e+03          1         46 0.0000e+00
   39.76772  -70.78069    13.7184   4.212904    35.3937    105.000    104.171    13.6981   4.209958    35.3847    88.0575     0.0004      15.16 5.0498e-01     4.8103    209.270     4.8403  6.0073767 2.2745e+03          1         40 0.0000e+00
   39.76772  -70.78070    13.8398   4.229188    35.4340    105.975    105.138    13.8309   4.227943    35.4305    88.0554     0.0071       0.38 4.8457e-01     4.8225    209.802     4.8454  6.2337214 2.2720e+03          1         33 0.0000e+00
   39.76772  -70.78070    13.9373   4.243300    35.4755    107.026    106.181    13.9309   4.242362    35.4727    88.1047     0.0007      26.30 4.5946e-01     4.8070    209.123     4.8328  5.8945655 2.2736e+03          1         46 0.0000e+00
   39.76772  -70.78070    13.9690   4.248002    35.4899    107.944    107.091    13.9673   4.248043    35.4918    88.0870    -0.0051       0.49 4.3902e-01     4.8180    209.603     4.8529  5.0268626 2.2729e+03          1         42 0.0000e+00
   39.76770  -70.78070    13.9886   4.251115    35.5004    108.977    108.116    13.9831   4.250427    35.4991    88.1161     0.0074      18.03 4.1847e-01     4.8223    209.789     4.8513  5.6395476 2.2685e+03          1         28 0.0000e+00
   39.76770  -70.78071    13.9847   4.251248    35.5049    110.009    109.139    13.9859   4.251660    35.5077    88.1233     0.0022       0.36 4.0048e-01     4.8182    209.608     4.8353  5.0002548 2.2723e+03          1         34 0.0000e+00
   39.76771  -70.78072    13.9723   4.249895    35.5033    110.954    110.077    13.9709   4.249995    35.5055    88.0863    -0.0030      13.46 3.7864e-01     4.8003    208.832     4.8095  5.5127737 2.2748e+03          1         46 0.0000e+00
   39.76770  -70.78072    13.9609   4.248592    35.5013    111.968    111.082    13.9615   4.248992    35.5044    88.1328    -0.0084       3.61 3.5957e-01     4.7956    208.625     4.8196  6.0139394 2.2714e+03          1         37 0.0000e+00
   39.76770  -70.78072    13.9217   4.244036    35.4944    113.021    112.127    13.9246   4.244841    35.4993    88.1253    -0.0110       0.39 3.4236e-01     4.8010    208.859     4.8070  5.5548261 2.2718e+03          1         30 0.0000e+00
   39.76770  -70.78072    13.8814   4.239484    35.4886    114.025    113.123    13.8816   4.239841    35.4917    88.1156    -0.0002      48.74 3.2645e-01     4.7889    208.334     4.7868  6.1563157 2.2718e+03          1         38 0.0000e+00
   39.76768  -70.78072    13.8614   4.237173    35.4851    114.927    114.017    13.8605   4.237380    35.4878    88.1307     0.0019       0.34 3.1301e-01     4.7611    207.120     4.7865  6.0624936 2.2702e+03          1         33 0.0000e+00
   39.76768  -70.78073    15.4263   4.235932    34.7966    115.980    115.061    13.8495   4.236092    35.4855    88.3217     0.0027      38.53 2.9453e-01     2.2457     94.196     4.7627  6.2230029 2.2720e+03          1         31 0.0000e+00
   39.76768  -70.78074    13.8377   4.234529    35.4813    116.998    116.072    13.8366   4.234751    35.4844    88.1244    -0.0030      12.93 2.8578e-01     4.7400    206.204     4.7576  5.7097245 2.2750e+03          1         42 0.0000e+00
   39.76768  -70.78074    13.7708   4.226983    35.4721    117.963    117.028    13.7744   4.227846    35.4768    88.1016    -0.0058      15.43 2.7123e-01     4.7482    206.559     4.7564  5.9616080 2.2683e+03          1         33 0.0000e+00
   39.76768  -70.78074    13.7409   4.223460    35.4662    118.999    118.056    13.7406   4.223729    35.4690    88.1333    -0.0009       3.22 2.5546e-01     4.7295    205.744     4.7570  6.9767338 2.2648e+03          1         31 0.0000e+00
   39.76768  -70.78074    13.7306   4.222376    35.4651    120.012    119.061    13.7300   4.222556    35.4673    88.1204    -0.0093      18.93 2.3732e-01     4.7140    205.070     4.7434  6.3954250 2.2728e+03          1         31 0.0000e+00
   39.76766  -70.78074    13.7445   4.224713    35.4738    120.996    120.036    13.7397   4.224173    35.4732    88.1144    -0.0055      17.36 2.2925e-01     4.7160    205.158     4.7283  6.6540871 2.2752e+03          1         34 0.0000e+00
   39.76766  -70.78074    13.7503   4.225860    35.4788    121.988    121.020    13.7491   4.225978    35.4810    88.1217    -0.0100      19.62 2.1951e-01     4.7222    205.426     4.7518  6.4809895 2.2692e+03          1         32 0.0000e+00
   39.76766  -70.78074    13.7522   4.226509    35.4827    122.998    122.022    13.7493   4.226271    35.4831    88.1563    -0.0083       0.38 2.0684e-01     4.7288    205.715     4.7727  6.1809647 2.2694e+03          1         33 0.0000e+00
   39.76764  -70.78076    13.7612   4.228167    35.4895    124.020    123.035    13.7600   4.228296    35.4918    88.1562    -0.0141       0.43 1.9808e-01     4.7334    205.914     4.7788  5.5599167 2.2706e+03          1         32 0.0000e+00
   39.76764  -70.78076    13.7186   4.223129    35.4812    125.034    124.041    13.7231   4.224164    35.4868    88.1530    -0.0096       0.38 1.8267e-01     4.7478    206.540     4.7872  6.1146233 2.2689e+03          1         31 0.0000e+00
   39.76764  -70.78076    13.6497   4.214866    35.4670    125.963    124.963    13.6645   4.217274    35.4759    88.1571    -0.0015       0.42 1.7855e-01     4.7504    206.651     4.7787  4.8039689 2.2668e+03          1         28 0.0000e+00
   39.76764  -70.78076    13.5184   4.199338    35.4420    126.983    125.974    13.5226   4.200225    35.4464    88.1291    -0.0125       0.58 1.6933e-01     4.7292    205.727     4.7581  6.1428583 2.2702e+03          1         35 0.0000e+00
   39.76764  -70.78076    13.5399   4.202401    35.4505    127.975    126.958    13.5354   4.201763    35.4486    88.1396    -0.0093      22.04 1.5627e-01     4.6847    203.789     4.6975  7.3631053 2.2706e+03          1         27 0.0000e+00
   39.76763  -70.78076    13.5640   4.205774    35.4595    129.009    127.983    13.5624   4.205837    35.4616    88.1162    -0.0145       0.32 1.4885e-01     4.6596    202.697     4.6653  7.6014339 2.2674e+03          1         25 0.0000e+00
   39.76762  -70.78076    13.5760   4.207634    35.4655    130.133    129.098    13.5732   4.207464    35.4665    88.1578    -0.0210       0.40 1.4248e-01     4.6329    201.537     4.6655  7.6877698 2.2665e+03          1         27 0.0000e+00
   39.76762  -70.78076    13.5775   4.208273    35.4697    130.994    129.951    13.5762   4.208292    35.4711    88.1492    -0.0132       0.97 1.3714e-01     4.6179    200.885     4.6494  6.4985055 2.2708e+03          1         37 0.0000e+00
   39.76762  -70.78077    13.6297   4.215885    35.4925    131.983    130.933    13.6251   4.215349    35.4918    88.1563    -0.0125      53.81 1.3505e-01     4.5965    199.951     4.6252  7.4822963 2.2709e+03          1         33 0.0000e+00
   39.76762  -70.78078    13.6321   4.216586    35.4965    133.005    131.946    13.6321   4.216887    35.4993    88.1598    -0.0188      39.06 1.2544e-01     4.5765    199.081     4.6093  7.7314500 2.2658e+03          1         31 0.0000e+00
