en655/en655_002_1db.cnv
* Sea-Bird SBE 9 Data File:
* FileName = D:\ctd\raw\EN655_002.hex
* Software Version Seasave V 7.26.7.121
* Temperature SN = 4130
* Conductivity SN = 2822
* Number of Bytes Per Scan = 40
* Number of Voltage Words = 5
* Number of Scans Averaged by the Deck Unit = 1
* NMEA Latitude = 41 01.81 N
* NMEA Longitude = 070 52.76 W
* NMEA UTC (Time) = Jul 25 2020  17:55:57
* NMEA baud rate = 4800
** Ship: R/V Endeavor
** Cruise: EN655
** Principal Investigator: Heidi Sosik
** Chief Scientist: Heidi Sosik
** Project: NES-LTER transect
** Dates: 25 - 30 Jul 2020
** Narragansett to Narragansett, Rhode Island
** Station:  L2
** Bottom Depth:
** Operator:
# nquan = 22
# nvalues = 84                          
# units = specified
# name 0 = latitude: Latitude [deg]
# name 1 = longitude: Longitude [deg]
# name 2 = t090C: Temperature [ITS-90, deg C]
# name 3 = c0S/m: Conductivity [S/m]
# name 4 = sal00: Salinity, Practical [PSU]
# name 5 = prDM: Pressure, Digiquartz [db]
# name 6 = depSM: Depth [salt water, m]
# name 7 = t190C: Temperature, 2 [ITS-90, deg C]
# name 8 = c1S/m: Conductivity, 2 [S/m]
# name 9 = sal11: Salinity, Practical, 2 [PSU]
# name 10 = CStarTr0: Beam Transmission, WET Labs C-Star [%]
# name 11 = flECO-AFL: Fluorescence, WET Labs ECO-AFL/FL [mg/m^3]
# name 12 = altM: Altimeter [m]
# name 13 = par: PAR/Irradiance, Biospherical/Licor [umol photons/m^2/sec]
# name 14 = sbeox0ML/L: Oxygen, SBE 43 [ml/l]
# name 15 = sbox0Mm/Kg: Oxygen, SBE 43 [umol/kg]
# name 16 = sbeox1ML/L: Oxygen, SBE 43, 2 [ml/l]
# name 17 = upoly0: Upoly 0, SUNA
# name 18 = spar: SPAR, Biospherical/Licor [umol photons/m^2/sec]
# name 19 = pumps: Pump Status
# name 20 = nbin: number of scans per bin
# name 21 = flag: flag
# span 0 =   41.03028,   41.03040       
# span 1 =  -70.87928,  -70.87664       
# span 2 =    10.5129,    21.8589       
# span 3 =   3.593211,   4.590135       
# span 4 =    31.9308,    54.4913       
# span 5 =      1.480,     43.915       
# span 6 =      1.468,     43.570       
# span 7 =    10.5155,    21.7723       
# span 8 =   3.593733,   4.583352       
# span 9 =    31.9419,    32.3298       
# span 10 =     0.0151,    80.6336      
# span 11 =     0.2173,     7.1567      
# span 12 =       2.52,      43.76      
# span 13 = 5.8392e-02, 2.3894e+03      
# span 14 =   -36.1255,     6.8147      
# span 15 =   -988.204,    297.194      
# span 16 =     5.4165,     6.5565      
# span 17 = -0.4671580,  0.0337221      
# span 18 = 2.2906e+03, 2.3178e+03      
# span 19 =          1,          1      
# span 20 =          1,       1941      
# span 21 = 0.0000e+00, 0.0000e+00      
# interval = decibars: 1                
# start_time = Jul 25 2020 17:55:57 [NMEA time, header]
# bad_flag = -9.990e-29
*END*
   41.03028  -70.87928    21.3701   4.548287    31.9648      4.004      3.973    21.3642   4.548294    31.9693    80.2520     0.2561      42.63 1.3537e+03     5.6847    248.392     5.5455 -0.1936600 2.3110e+03          1        147 0.0000e+00
   41.03032  -70.87921    21.4212   4.552350    31.9584      4.992      4.953    21.3995   4.550924    31.9634    80.3066     0.2674      41.74 1.2147e+03     5.6794    248.165     5.5497  0.0231454 2.3050e+03          1         87 0.0000e+00
   41.03031  -70.87918    21.3667   4.547200    31.9582      6.226      6.177    21.3392   4.545336    31.9639    80.0627     0.2868      40.57 9.7764e+02     5.6886    248.566     5.5483 -0.2211692 2.3019e+03          1        131 0.0000e+00
   41.03032  -70.87915    21.2982   4.539249    31.9462      7.151      7.095    21.3068   4.540732    31.9515    80.1309     0.2802      39.72 8.5526e+02     5.6822    248.283     5.5563  0.0226953 2.2988e+03          1        117 0.0000e+00
   41.03032  -70.87913    21.2052   4.531660    31.9555      8.154      8.090    21.2174   4.533347    31.9596    79.7012     0.3320      38.69 7.2165e+02     5.6982    248.974     5.5637 -0.2269981 2.2970e+03          1        131 0.0000e+00
   41.03032  -70.87911    20.6890   4.492564    32.0320      9.142      9.071    20.6864   4.493385    32.0405    78.7835     0.4341      37.77 6.3034e+02     5.7888    252.882     5.6595  0.0232616 2.2988e+03          1        136 0.0000e+00
   41.03032  -70.87908    19.2112   4.366948    32.1410     10.173     10.094    19.3345   4.378158    32.1380    78.3267     0.4986      36.88 5.3628e+02     6.0849    265.695     5.9497 -0.2093308 2.2988e+03          1        133 0.0000e+00
   41.03032  -70.87907    16.4016   4.120673    32.2726     11.131     11.044    16.6316   4.144458    32.2941    78.5881     0.4828      36.02 4.6855e+02     6.5394    285.329     6.3246  0.0285669 2.2963e+03          1        122 0.0000e+00
   41.03034  -70.87904    14.1640   3.916442    32.2834     11.972     11.879    14.1451   3.917876    32.3125    79.1105     0.5060      35.34 4.1980e+02     6.8147    297.194     6.5047 -0.1846045 2.2969e+03          1        103 0.0000e+00
   41.03034  -70.87901    13.2624   3.828192    32.2245     12.967     12.866    13.3726   3.838268    32.2257    78.8373     0.6322      34.31 3.6976e+02     6.5026    283.545     6.3469 -0.0427952 2.2991e+03          1        138 0.0000e+00
   41.03036  -70.87899    13.1242   3.814790    32.2155     13.973     13.865    13.1342   3.816780    32.2256    78.6638     0.7856      33.34 3.2031e+02     6.4887    282.936     6.3633  0.0039242 2.2995e+03          1        116 0.0000e+00
   41.03036  -70.87896    12.9625   3.800024    32.2134     14.904     14.788    13.0005   3.803967    32.2183    75.3757     2.2583      32.40 2.6655e+02     6.5349    284.942     6.4169 -0.2529111 2.3010e+03          1        121 0.0000e+00
   41.03035  -70.87895    12.7983   3.786125    32.2214     15.906     15.782    12.8236   3.788748    32.2247    68.3866     5.5941      31.42 2.1734e+02     6.6635    290.537     6.5565  0.0033955 2.3008e+03          1        129 0.0000e+00
   41.03035  -70.87892    12.6124   3.772504    32.2506     17.013     16.881    12.6331   3.774773    32.2545    75.2470     3.1101      30.22 1.5087e+02     6.6162    288.458     6.5023 -0.2138361 2.2970e+03          1        144 0.0000e+00
   41.03034  -70.87890    12.4392   3.757450    32.2553     17.899     17.759    12.4803   3.761589    32.2595    76.3820     2.8040      29.39 1.0738e+02     6.5528    285.683     6.4615  0.0016326 2.2966e+03          1        101 0.0000e+00
   41.03034  -70.87888    12.2752   3.743861    32.2658     18.948     18.800    12.2858   3.745452    32.2720    75.3866     4.0684      28.18 8.2592e+01     6.5378    285.018     6.4239 -0.3422528 2.2946e+03          1         92 0.0000e+00
   41.03036  -70.87886    12.1069   3.730195    32.2793     19.915     19.759    12.1080   3.730742    32.2837    73.1818     5.7156      27.22 6.4309e+01     6.6389    289.414     6.5337  0.0021186 2.2906e+03          1         84 0.0000e+00
   41.03036  -70.87885    12.0336   3.724280    32.2852     21.055     20.891    12.0373   3.725088    32.2899    73.3204     6.4097      26.27 4.7169e+01     6.5803    286.855     6.4783  0.0000582 2.2913e+03          1         63 0.0000e+00
   41.03036  -70.87884    11.8753   3.711404    32.2976     21.887     21.716    11.8886   3.713011    32.3016    75.4699     4.7581      25.28 3.5854e+01     6.4547    281.368     6.3464 -0.0006012 2.2934e+03          1         75 0.0000e+00
   41.03036  -70.87882    11.8165   3.706268    32.2983     23.167     22.986    11.8200   3.707005    32.3024    76.2728     4.3231      24.11 2.3227e+01     6.3105    275.080     6.2198 -0.3301766 2.2933e+03          1         96 0.0000e+00
   41.03036  -70.87880    11.8033   3.705044    32.2976     23.969     23.782    11.8031   3.705491    32.3021    76.6629     4.9895      23.46 1.9125e+01     6.2969    274.488     6.2292 -0.0018536 2.2957e+03          1         53 0.0000e+00
   41.03038  -70.87878    11.7492   3.700513    32.3002     24.969     24.774    11.7522   3.701196    32.3043    76.0254     4.4276      22.29 1.4076e+01     6.2768    273.607     6.1908 -0.0063447 2.2915e+03          1         87 0.0000e+00
   41.03038  -70.87876    11.7383   3.699509    32.2996     26.032     25.828    11.7369   3.699789    32.3034    75.5552     4.7611      21.18 1.0474e+01     6.2595    272.851     6.1992 -0.3658317 2.2928e+03          1         90 0.0000e+00
   41.03038  -70.87875    11.7233   3.698243    32.2999     26.961     26.750    11.7230   3.698684    32.3044    75.0599     5.0725      20.34 7.9977e+00     6.2751    273.535     6.2112  0.0080763 2.2940e+03          1         52 0.0000e+00
   41.03038  -70.87874    11.6533   3.691970    32.2994     27.962     27.743    11.6576   3.692878    32.3044    74.4562     5.4733      19.21 6.0903e+00     6.3125    275.158     6.2441 -0.0045646 2.2943e+03          1         71 0.0000e+00
   41.03038  -70.87873    11.4251   3.671618    32.2995     28.955     28.729    11.4313   3.672978    32.3073    76.6231     4.4769      18.24 4.5442e+00     6.2711    273.342     6.1660 -0.0078575 2.2964e+03          1         55 0.0000e+00
   41.03037  -70.87872    11.3171   3.661897    32.2982     29.988     29.754    11.3153   3.662435    32.3050    77.0786     4.0105      17.01 3.3761e+00     6.0599    264.134     5.9711 -0.3828949 2.2976e+03          1         86 0.0000e+00
   41.03036  -70.87870    11.2809   3.658765    32.2988     30.986     30.743    11.2812   3.659177    32.3026    76.8122     3.6612      16.18 2.6109e+00     6.0052    261.746     5.9504 -0.0115879 2.3002e+03          1         46 0.0000e+00
   41.03036  -70.87870    11.2527   3.656483    32.3006     31.887     31.637    11.2552   3.657127    32.3048    77.5694     3.6447      15.08 2.0237e+00     6.0025    261.630     5.9617 -0.0189833 2.3017e+03          1         87 0.0000e+00
   41.03036  -70.87868    11.2263   3.654484    32.3037     33.030     32.771    11.2272   3.654918    32.3072    76.9723     3.6755      14.13 1.5493e+00     6.0174    262.275     5.9691 -0.0197676 2.3015e+03          1         47 0.0000e+00
   41.03038  -70.87867    11.2011   3.652608    32.3069     34.027     33.760    11.2051   3.653333    32.3106    77.3467     3.6090      12.86 1.1761e+00     6.0129    262.079     5.9724 -0.3399871 2.2992e+03          1         97 0.0000e+00
   41.03038  -70.87866    11.1844   3.651319    32.3085     34.992     34.718    11.1844   3.651698    32.3122    76.3445     3.3313      12.10 9.2058e-01     6.0184    262.317     5.9778 -0.0105786 2.2966e+03          1         50 0.0000e+00
   41.03038  -70.87864    11.1620   3.649481    32.3096     35.971     35.689    11.1612   3.649794    32.3134    77.2798     3.3570      10.91 7.2506e-01     6.0069    261.813     5.9747 -0.0182187 2.2952e+03          1         73 0.0000e+00
   41.03038  -70.87864    11.1474   3.648324    32.3106     37.093     36.802    11.1471   3.648659    32.3142    76.8643     3.4140       9.84 5.3816e-01     6.0008    261.546     5.9576 -0.0204656 2.2988e+03          1         54 0.0000e+00
   41.03038  -70.87862    11.1125   3.645665    32.3147     37.882     37.584    11.1198   3.646586    32.3173    77.6237     3.5236       8.91 4.3596e-01     5.9980    261.422     5.9525 -0.1371808 2.2978e+03          1         80 0.0000e+00
   41.03038  -70.87861    11.0124   3.637227    32.3190     38.993     38.687    11.0144   3.637840    32.3232    78.0511     2.9276       7.86 3.2563e-01     5.9875    260.957     5.9417 -0.4242739 2.2996e+03          1         53 0.0000e+00
   41.03038  -70.87860    10.9670   3.633102    32.3177     39.869     39.556    10.9729   3.634116    32.3227    77.9303     3.5039       6.92 2.5419e-01     5.9550    259.540     5.9039 -0.0175962 2.2975e+03          1         82 0.0000e+00
   41.03039  -70.87857    10.6469   3.605570    32.3264     41.108     40.785    10.6520   3.606352    32.3298    78.0642     3.2851       5.62 1.8078e-01     5.8447    254.719     5.7937 -0.0655921 2.2999e+03          1        138 0.0000e+00
   41.03040  -70.87855    10.5552   3.597224    32.3241     41.947     41.617    10.5558   3.597624    32.3276    77.8061     3.3108       4.75 1.3597e-01     5.7675    251.351     5.7323 -0.1695417 2.3011e+03          1        142 0.0000e+00
   41.03037  -70.87851    10.5309   3.594865    32.3216     43.008     42.670    10.5351   3.595530    32.3245    77.1146     4.2240       3.54 9.0233e-02     5.7188    249.229     5.6932 -0.1208597 2.2974e+03          1        641 0.0000e+00
   41.03038  -70.87842    10.5129   3.593211    32.3207     43.915     43.570    10.5155   3.593733    32.3236    72.1011     4.3604       2.52 5.8392e-02     5.6948    248.182     5.6666 -0.1602357 2.3014e+03          1        922 0.0000e+00
   41.03038  -70.87829    10.5421   3.595665    32.3197     43.040     42.702    10.5419   3.595848    32.3217    11.1047     4.4489       3.19 7.4705e-02     5.6981    248.325     5.6616 -0.1416418 2.3046e+03          1        152 0.0000e+00
   41.03038  -70.87827    10.5552   3.596708    32.3190     41.834     41.505    10.5559   3.597075    32.3220     0.0151     4.4065       4.37 1.1376e-01     5.7123    248.946     5.6645 -0.0192567 2.3086e+03          1        131 0.0000e+00
   41.03038  -70.87826    10.5508   3.596291    32.3191     40.905     40.583    10.5494   3.596495    32.3224     8.8646     4.1440       5.26 1.4573e-01     5.7136    249.004     5.6772 -0.4656565 2.3103e+03          1         68 0.0000e+00
   41.03039  -70.87826    10.5513   3.596309    32.3192     40.117     39.802    10.5485   3.596362    32.3222    72.8562     4.1087       6.11 1.9215e-01     5.7166    249.135     5.6797 -0.0184088 2.3108e+03          1         77 0.0000e+00
   41.03039  -70.87826    10.5619   3.597171    32.3190     38.894     38.589    10.5610   3.597381    32.3219    72.0034     3.5880       7.37 2.6694e-01     5.7214    249.343     5.6757 -0.0157573 2.3120e+03          1        111 0.0000e+00
   41.03038  -70.87826    10.6613   3.605891    32.3183     37.937     37.639    10.6667   3.606388    32.3185    72.0103     3.8719       8.26 3.3533e-01     5.7249    249.499     5.6694 -0.4671580 2.3107e+03          1         70 0.0000e+00
   41.03038  -70.87826    10.6983   3.609110    32.3180     37.121     36.830    10.7336   3.612554    32.3210    71.9766     3.9837       9.11 4.1809e-01     5.7974    252.662     5.7635 -0.0177398 2.3113e+03          1         83 0.0000e+00
   41.03038  -70.87826    10.7913   3.618249    32.3271     36.044     35.761    10.8456   3.622649    32.3229    71.6832     4.6075      10.21 5.3346e-01     5.8158    253.464     5.7742 -0.0139045 2.3108e+03          1         90 0.0000e+00
   41.03038  -70.87825    10.8142   3.618614    32.3110     35.040     34.765    10.9992   3.635282    32.3131    72.5652     4.3515      11.21 6.9679e-01     5.8545    255.154     5.8633 -0.3262651 2.3098e+03          1        102 0.0000e+00
   41.03038  -70.87825    11.0380   3.638137    32.3075     34.046     33.779    11.0643   3.640685    32.3095    62.3208     4.5368      12.18 8.7351e-01     5.8636    255.560     5.8853 -0.0090193 2.3095e+03          1         76 0.0000e+00
   41.03038  -70.87824    11.1002   3.643348    32.3047     32.998     32.739    11.1189   3.645380    32.3083    55.5325     6.2036      13.29 1.1643e+00     5.9660    260.028     5.9088 -0.0093401 2.3113e+03          1        109 0.0000e+00
   41.03036  -70.87824    11.1309   3.646072    32.3051     31.799     31.550    11.1558   3.648464    32.3068    45.6032     4.5661      14.46 1.5700e+00     5.9747    260.411     5.9066 -0.3312838 2.3102e+03          1        100 0.0000e+00
   41.03036  -70.87825    11.0970   3.643322    32.3082     30.846     30.604    11.1197   3.645396    32.3087    31.3296     4.5790      15.40 2.0009e+00     5.9741    260.382     5.8946 -0.1437334 2.3090e+03          1        215 0.0000e+00
   41.03037  -70.87819    11.2013   3.651609    32.2984     30.279     30.042    11.1979   3.651566    32.3010    24.7282     4.4834      15.93 2.2913e+00     5.9858    260.896     5.8961 -0.2447617 2.3178e+03          1        868 0.0000e+00
   41.03039  -70.87816    11.2510   3.655598    32.2946     29.045     28.817    11.2450   3.655359    32.2975    52.2506     4.9082      17.13 3.2066e+00     5.9939    261.255     5.9104 -0.0016475 2.3166e+03          1        137 0.0000e+00
   41.03040  -70.87815    11.2650   3.656630    32.2929     28.114     27.894    11.2574   3.656285    32.2962    55.7108     4.9845      18.05 4.1881e+00     5.9946    261.286     5.8953 -0.2517126 2.3169e+03          1        131 0.0000e+00
   41.03038  -70.87814    11.2674   3.656846    32.2934     27.069     26.857    11.2720   3.657451    32.2953    56.1834     5.1304      19.06 5.7010e+00     5.9961    261.351     5.9010  0.0010278 2.3169e+03          1        139 0.0000e+00
   41.03038  -70.87813    11.3241   3.661776    32.2926     25.994     25.790    11.3302   3.662437    32.2937    56.8806     4.9148      20.18 7.9117e+00     6.0155    262.201     5.9157 -0.2339553 2.3144e+03          1        137 0.0000e+00
   41.03039  -70.87812    11.3986   3.668226    32.2911     24.920     24.725    11.4679   3.674549    32.2924    57.3001     6.1069      21.20 1.0920e+01     6.0429    263.398     5.9887  0.0016114 2.3148e+03          1        157 0.0000e+00
   41.03040  -70.87811    11.5438   3.680969    32.2893     23.837     23.651    11.5705   3.683689    32.2926    57.6559     6.8342      22.29 1.4889e+01     6.1248    266.976     6.0833 -0.2440293 2.3162e+03          1        129 0.0000e+00
   41.03040  -70.87810    11.5670   3.683280    32.2920     22.829     22.651    11.5673   3.683429    32.2933    60.0276     6.4151      23.28 2.0067e+01     6.1850    269.600     6.0722  0.0008320 2.3151e+03          1        156 0.0000e+00
   41.03040  -70.87810    11.6106   3.687163    32.2923     22.014     21.842    11.6331   3.689195    32.2924    58.8070     5.7656      23.89 2.4175e+01     6.1647    268.717     6.0807  0.0003638 2.3133e+03          1         46 0.0000e+00
   41.03038  -70.87808    11.6693   3.692389    32.2924     21.094     20.930    11.6735   3.692896    32.2937    62.4610     5.7233      24.93 3.4035e+01     6.2135    270.847     6.0997 -0.0573274 2.3118e+03          1        246 0.0000e+00
   41.03038  -70.87791    11.8723   3.709833    32.2857     20.295     20.136    11.8873   3.711248    32.2863    63.9458     5.3965      25.78 3.8122e+01     6.3227    275.617     6.2168 -0.1512587 2.3071e+03          1       1420 0.0000e+00
