en655/en655_014_1db.cnv
* Sea-Bird SBE 9 Data File:
* FileName = D:\ctd\raw\EN655_014.hex
* Software Version Seasave V 7.26.7.121
* Temperature SN = 4130
* Conductivity SN = 2822
* Number of Bytes Per Scan = 40
* Number of Voltage Words = 5
* Number of Scans Averaged by the Deck Unit = 1
* NMEA Latitude = 39 46.25 N
* NMEA Longitude = 070 59.74 W
* NMEA UTC (Time) = Jul 27 2020  16:39:35
* NMEA baud rate = 4800
** Ship: R/V Endeavor
** Cruise: EN655
** Principal Investigator: Heidi Sosik
** Chief Scientist: Heidi Sosik
** Project: NES-LTER transect
** Dates: 25 - 30 Jul 2020
** Narragansett to Narragansett, Rhode Island
** Station:  d11a
** Bottom Depth: 1650
** Operator:  mSantos
** Nothing swapped since last cast - EN655_13 - which had 15 modulo errors.
# nquan = 22
# nvalues = 1011                        
# units = specified
# name 0 = latitude: Latitude [deg]
# name 1 = longitude: Longitude [deg]
# name 2 = t090C: Temperature [ITS-90, deg C]
# name 3 = c0S/m: Conductivity [S/m]
# name 4 = sal00: Salinity, Practical [PSU]
# name 5 = prDM: Pressure, Digiquartz [db]
# name 6 = depSM: Depth [salt water, m]
# name 7 = t190C: Temperature, 2 [ITS-90, deg C]
# name 8 = c1S/m: Conductivity, 2 [S/m]
# name 9 = sal11: Salinity, Practical, 2 [PSU]
# name 10 = CStarTr0: Beam Transmission, WET Labs C-Star [%]
# name 11 = flECO-AFL: Fluorescence, WET Labs ECO-AFL/FL [mg/m^3]
# name 12 = altM: Altimeter [m]
# name 13 = par: PAR/Irradiance, Biospherical/Licor [umol photons/m^2/sec]
# name 14 = sbeox0ML/L: Oxygen, SBE 43 [ml/l]
# name 15 = sbox0Mm/Kg: Oxygen, SBE 43 [umol/kg]
# name 16 = sbeox1ML/L: Oxygen, SBE 43, 2 [ml/l]
# name 17 = upoly0: Upoly 0, SUNA
# name 18 = spar: SPAR, Biospherical/Licor [umol photons/m^2/sec]
# name 19 = pumps: Pump Status
# name 20 = nbin: number of scans per bin
# name 21 = flag: flag
# span 0 =   39.76782,   39.77082       
# span 1 =  -71.00031,  -70.99576       
# span 2 =     6.4251,    24.9163       
# span 3 =   3.504803,   5.318505       
# span 4 =    33.6288,    35.6443       
# span 5 =      1.233,    506.849       
# span 6 =      1.224,    502.361       
# span 7 =     6.4249,    24.9226       
# span 8 =   3.504799,   5.318359       
# span 9 =    33.6309,    35.6468       
# span 10 =    81.7426,    88.1681      
# span 11 =    -0.1712,     8.0316      
# span 12 =       0.26,      74.16      
# span 13 = 1.0000e-12, 9.9203e+02      
# span 14 =     3.0406,     7.0700      
# span 15 =    132.202,    307.871      
# span 16 =     2.9507,     6.9342      
# span 17 = -1.1006635,  25.594002      
# span 18 = 2.1803e+03, 2.4341e+03      
# span 19 =          1,          1      
# span 20 =         18,       2052      
# span 21 = 0.0000e+00, 0.0000e+00      
# interval = decibars: 1                
# start_time = Jul 27 2020 16:39:35 [NMEA time, header]
# bad_flag = -9.990e-29
*END*
[from data line 461]
   39.76918  -70.99796     6.8797   3.546194    35.0865    463.983    459.922     6.8805   3.546392    35.0879    88.0695     7.8280      26.69 1.0000e-12     4.2126    183.100     4.1086  20.105189 2.3902e+03          1         23 0.0000e+00
   39.76918  -70.99796     6.8297   3.541343    35.0833    465.016    460.945     6.8361   3.542331    35.0878    88.0737     7.8276      23.41 6.4369e-06     4.2176    183.314     4.1107  21.034820 2.3936e+03          1         26 0.0000e+00
   39.76918  -70.99796     6.7921   3.537696    35.0810    465.999    461.918     6.7917   3.537750    35.0819    88.0755     7.8267       0.47 5.7710e-06     4.2187    183.362     4.1099  22.322947 2.3960e+03          1         29 0.0000e+00
   39.76917  -70.99796     6.7902   3.537503    35.0802    467.001    462.910     6.7893   3.537489    35.0810    88.0865     7.8249       0.33 6.1985e-06     4.2217    183.494     4.1200  21.580467 2.3948e+03          1         27 0.0000e+00
   39.76916  -70.99798     6.7825   3.536807    35.0799    468.025    463.924     6.7814   3.536782    35.0807    88.0749     7.8224      28.61 1.0000e-12     4.2366    184.141     4.1460  21.020403 2.3916e+03          1         22 0.0000e+00
   39.76916  -70.99798     6.7819   3.536791    35.0799    469.024    464.914     6.7804   3.536687    35.0803    88.0287     7.8221       0.46 8.3680e-06     4.2479    184.631     4.1554  21.280577 2.3912e+03          1         20 0.0000e+00
   39.76916  -70.99798     6.7838   3.537013    35.0799    470.002    465.882     6.7817   3.536863    35.0804    88.0557     7.8217       0.45 1.0000e-12     4.2561    184.989     4.1538  21.448009 2.3938e+03          1         22 0.0000e+00
   39.76916  -70.99798     6.7868   3.537380    35.0804    471.012    466.882     6.7848   3.537212    35.0805    88.0808     7.8220       0.40 1.1954e-05     4.2614    185.218     4.1548  21.139204 2.3975e+03          1         28 0.0000e+00
   39.76916  -70.99798     6.7933   3.538219    35.0826    471.959    467.819     6.7902   3.537823    35.0813    88.0764     7.8217       0.58 1.9311e-05     4.2671    185.464     4.1573  21.648036 2.3977e+03          1         26 0.0000e+00
   39.76916  -70.99798     6.8123   3.540595    35.0889    472.979    468.829     6.8105   3.540385    35.0885    88.0997     7.8217       0.32 1.0000e-12     4.2623    185.257     4.1522  21.222290 2.3976e+03          1         24 0.0000e+00
   39.76916  -70.99798     6.8029   3.539878    35.0900    473.998    469.838     6.8022   3.539894    35.0909    88.0941     7.8230       0.40 7.6073e-06     4.2624    185.260     4.1591  20.713581 2.3997e+03          1         22 0.0000e+00
   39.76916  -70.99799     6.7995   3.539608    35.0901    475.001    470.831     6.7980   3.539506    35.0905    88.1134     7.8229       0.34 6.9733e-06     4.2607    185.187     4.1552  20.713234 2.4025e+03          1         24 0.0000e+00
   39.76915  -70.99800     6.7978   3.539641    35.0917    475.981    471.801     6.7966   3.539561    35.0920    88.1105     7.8229      25.25 6.9733e-06     4.2545    184.918     4.1488  21.747890 2.4028e+03          1         24 0.0000e+00
   39.76914  -70.99800     6.7871   3.538841    35.0932    476.997    472.807     6.7863   3.538851    35.0941    88.1105     7.8217      25.41 6.9733e-06     4.2605    185.177     4.1493  21.770797 2.4016e+03          1         24 0.0000e+00
   39.76914  -70.99800     6.7819   3.538440    35.0936    477.995    473.795     6.7807   3.538370    35.0941    88.1040     7.8220      24.47 1.0000e-12     4.2638    185.321     4.1533  21.778433 2.3994e+03          1         25 0.0000e+00
   39.76914  -70.99800     6.7723   3.537589    35.0936    479.019    474.809     6.7730   3.537799    35.0951    88.1359     7.8226       0.49 1.0000e-12     4.2666    185.441     4.1655  22.146175 2.3994e+03          1         25 0.0000e+00
   39.76914  -70.99800     6.7139   3.531873    35.0894    480.004    475.784     6.7166   3.532477    35.0933    88.1389     7.8217       0.54 2.2822e-05     4.2778    185.927     4.1759  22.329602 2.4001e+03          1         22 0.0000e+00
   39.76914  -70.99802     6.6992   3.530388    35.0875    480.992    476.762     6.6996   3.530496    35.0882    88.1135     7.8225      18.57 6.4369e-06     4.2804    186.041     4.1687  21.695027 2.4022e+03          1         26 0.0000e+00
   39.76914  -70.99802     6.6990   3.530369    35.0870    481.991    477.751     6.6980   3.530342    35.0877    88.1213     7.8225       5.25 1.2397e-05     4.2837    186.182     4.1807  21.265984 2.4022e+03          1         27 0.0000e+00
   39.76912  -70.99802     6.6965   3.530160    35.0867    482.981    478.731     6.6950   3.530085    35.0874    88.1238     7.8235       0.60 1.0000e-12     4.3091    187.287     4.2078  20.506608 2.3996e+03          1         25 0.0000e+00
   39.76912  -70.99802     6.6962   3.530158    35.0865    483.970    479.710     6.6945   3.530043    35.0870    88.1304     7.8227      27.66 1.0000e-12     4.3205    187.783     4.2167  21.299458 2.4002e+03          1         22 0.0000e+00
   39.76912  -70.99804     6.6945   3.530013    35.0862    484.996    480.726     6.6941   3.530049    35.0870    88.1197     7.8227      27.55 1.0000e-12     4.3190    187.716     4.2270  20.949598 2.4039e+03          1         22 0.0000e+00
   39.76912  -70.99804     6.6913   3.529726    35.0857    485.998    481.719     6.6891   3.529556    35.0861    88.1271     7.8223       0.37 1.0000e-12     4.3232    187.900     4.2323  20.014555 2.4056e+03          1         24 0.0000e+00
   39.76912  -70.99804     6.6791   3.528568    35.0849    487.011    482.722     6.6801   3.528767    35.0861    88.1090     7.8220       0.49 6.4369e-06     4.3264    188.041     4.2310  20.763454 2.4033e+03          1         26 0.0000e+00
   39.76912  -70.99804     6.6583   3.526622    35.0840    488.016    483.717     6.6588   3.526897    35.0866    88.1046     7.8220       0.50 6.9733e-06     4.3342    188.380     4.2258  21.140841 2.4011e+03          1         24 0.0000e+00
   39.76912  -70.99804     6.6151   3.522600    35.0830    489.012    484.702     6.6153   3.522769    35.0847    88.1123     7.8217      29.91 1.0000e-12     4.3381    188.548     4.2284  21.469016 2.4021e+03          1         23 0.0000e+00
   39.76910  -70.99804     6.5891   3.520105    35.0815    489.991    485.672     6.5905   3.520390    35.0832    88.1134     7.8223      20.94 6.6944e-06     4.3379    188.539     4.2373  21.442456 2.4028e+03          1         25 0.0000e+00
   39.76910  -70.99806     6.5683   3.518133    35.0803    490.959    486.630     6.5685   3.518263    35.0816    88.1071     7.8220      22.58 1.2874e-05     4.3511    189.112     4.2539  20.817492 2.4016e+03          1         26 0.0000e+00
   39.76910  -70.99806     6.5532   3.516679    35.0792    491.989    487.650     6.5531   3.516771    35.0803    88.0995     7.8224      12.76 1.0000e-12     4.3763    190.205     4.2820  21.307047 2.3995e+03          1         30 0.0000e+00
   39.76910  -70.99806     6.5417   3.515598    35.0783    492.995    488.645     6.5413   3.515639    35.0792    88.1068     7.8217      30.01 9.8447e-06     4.3927    190.920     4.3030  20.430034 2.4004e+03          1         34 0.0000e+00
   39.76910  -70.99806     6.5311   3.514592    35.0776    493.992    489.633     6.5303   3.514605    35.0785    88.1037     7.8226      45.27 5.0715e-06     4.4143    191.858     4.3080  20.434526 2.4032e+03          1         33 0.0000e+00
   39.76910  -70.99807     6.5239   3.513922    35.0769    494.993    490.623     6.5231   3.513917    35.0778    88.1089     7.8217      21.58 9.8447e-06     4.4237    192.265     4.3208  21.499052 2.4057e+03          1         34 0.0000e+00
   39.76910  -70.99808     6.5195   3.513537    35.0767    496.007    491.628     6.5180   3.513460    35.0773    88.1007     7.8219      31.98 1.0797e-05     4.4273    192.423     4.3254  19.258115 2.4043e+03          1         31 0.0000e+00
   39.76908  -70.99808     6.5151   3.513197    35.0769    497.005    492.615     6.5139   3.513154    35.0776    88.1014     7.8217       8.54 5.7710e-06     4.4312    192.593     4.3202  20.298661 2.4003e+03          1         29 0.0000e+00
   39.76908  -70.99808     6.5028   3.512092    35.0767    498.004    493.604     6.5020   3.512100    35.0776    88.1120     7.8217      20.39 1.1157e-05     4.4345    192.736     4.3325  20.972089 2.3999e+03          1         30 0.0000e+00
   39.76908  -70.99810     6.4915   3.511125    35.0770    498.999    494.590     6.4910   3.511176    35.0781    88.0200     7.8219       0.39 3.7191e-06     4.4344    192.731     4.3348  20.294705 2.3985e+03          1         45 0.0000e+00
   39.76908  -70.99810     6.4850   3.510523    35.0765    499.980    495.561     6.4834   3.510434    35.0771    88.1004     7.8217      30.48 3.2185e-06     4.4410    193.015     4.3389  20.763454 2.3961e+03          1         52 0.0000e+00
   39.76908  -70.99810     6.4817   3.510218    35.0760    500.964    496.535     6.4802   3.510144    35.0767    88.1139     7.8217      26.63 3.0993e-06     4.4561    193.671     4.3435  21.118357 2.3990e+03          1         54 0.0000e+00
   39.76907  -70.99812     6.4745   3.509551    35.0754    501.997    497.558     6.4734   3.509529    35.0763    88.0962     7.8217       0.40 6.8310e-06     4.4547    193.613     4.3522  21.466767 2.3997e+03          1         49 0.0000e+00
   39.76906  -70.99813     6.4675   3.508920    35.0751    502.985    498.536     6.4683   3.509049    35.0757    88.1126     7.8216       7.90 8.4739e-06     4.4633    193.984     4.3512  20.705163 2.4050e+03          1         79 0.0000e+00
   39.76906  -70.99814     6.4561   3.507847    35.0743    503.999    499.539     6.4570   3.507999    35.0750    88.1127     7.8216       9.03 1.0000e-12     4.4652    194.070     4.3582  20.329173 2.4032e+03          1         69 0.0000e+00
   39.76903  -70.99819     6.4479   3.507009    35.0729    504.965    500.496     6.4492   3.507175    35.0734    88.1042     7.8204      11.57 6.5699e-06     4.4784    194.643     4.3609  21.119038 2.3992e+03          1        484 0.0000e+00
   39.76897  -70.99829     6.4313   3.505389    35.0713    505.952    501.473     6.4329   3.505560    35.0716    88.1064     7.8149      15.89 5.6829e-06     4.4911    195.194     4.3726  21.037096 2.3937e+03          1        589 0.0000e+00
   39.76891  -70.99841     6.4251   3.504803    35.0707    506.849    502.361     6.4249   3.504799    35.0709    88.1010     7.8142      17.74 7.3054e-06     4.4961    195.412     4.3797  20.845589 2.4032e+03          1        504 0.0000e+00
   39.76889  -70.99847     6.4285   3.505086    35.0708    506.061    501.581     6.4273   3.504979    35.0708    88.1095     7.8120      12.38 1.0460e-05     4.4951    195.368     4.3810  21.033939 2.4045e+03          1        160 0.0000e+00
   39.76888  -70.99848     6.4291   3.505107    35.0708    505.069    500.599     6.4278   3.504982    35.0709    88.1112     7.8101      11.63 7.2765e-06     4.4956    195.391     4.3803  21.257489 2.3987e+03          1        161 0.0000e+00
   39.76878  -70.99870     6.4322   3.505372    35.0712    504.095    499.635     6.4307   3.505217    35.0709    88.1161     7.8043      13.89 4.1840e-06     4.4931    195.279     4.3764  21.305775 2.4004e+03          1        120 0.0000e+00
   39.76872  -70.99880     6.4340   3.505297    35.0690    503.044    498.594     6.4320   3.505296    35.0710    88.1198     7.8017      29.83 1.0000e-12     4.4914    195.206     4.3739  22.018774 2.4003e+03          1         61 0.0000e+00
   39.76872  -70.99882     6.4339   3.505449    35.0713    502.035    497.595     6.4326   3.505308    35.0710    88.1264     7.8021      14.23 3.8921e-06     4.4915    195.211     4.3752  21.411913 2.4024e+03          1         43 0.0000e+00
   39.76872  -70.99882     6.4358   3.505605    35.0716    500.994    496.565     6.4343   3.505436    35.0712    88.1183     7.8017       0.46 9.2978e-06     4.4892    195.111     4.3667  21.008911 2.4008e+03          1         36 0.0000e+00
   39.76872  -70.99884     6.4399   3.505956    35.0718    499.936    495.517     6.4354   3.505487    35.0713    88.1192     7.8016      37.05 1.3662e-05     4.4922    195.243     4.3720  20.561063 2.3967e+03          1         49 0.0000e+00
   39.76872  -70.99884     6.4459   3.506528    35.0725    499.028    494.619     6.4370   3.505608    35.0714    88.1305     7.8005      13.61 3.7191e-06     4.4860    194.973     4.3603  21.577526 2.3944e+03          1         45 0.0000e+00
   39.76872  -70.99884     6.4532   3.507177    35.0728    498.046    493.646     6.4483   3.506696    35.0724    88.1334     7.8011       0.31 1.0000e-12     4.4848    194.922     4.3659  21.394733 2.3959e+03          1         32 0.0000e+00
   39.76870  -70.99884     6.4517   3.507000    35.0728    497.025    492.635     6.4604   3.507730    35.0721    88.1331     7.8007      20.08 2.2315e-05     4.4830    194.841     4.3757  21.492344 2.3969e+03          1         30 0.0000e+00
   39.76870  -70.99886     6.4668   3.508411    35.0735    496.006    491.626     6.4719   3.508855    35.0733    88.0814     7.8008      19.36 1.0000e-12     4.4804    194.729     4.3661  21.860518 2.3962e+03          1         32 0.0000e+00
   39.76870  -70.99886     6.4767   3.509319    35.0741    495.020    490.651     6.4764   3.509246    35.0735    88.1040     7.8003       0.41 4.9224e-06     4.4805    194.733     4.3544  21.295130 2.3953e+03          1         34 0.0000e+00
   39.76870  -70.99886     6.4794   3.509542    35.0743    494.022    489.663     6.4749   3.509104    35.0740    88.1351     7.8008       0.39 4.9224e-06     4.4739    194.448     4.3499  21.586190 2.3924e+03          1         34 0.0000e+00
   39.76870  -70.99887     6.4806   3.509601    35.0742    492.994    488.644     6.4781   3.509347    35.0740    88.1417     7.8007      40.09 5.5787e-06     4.4658    194.095     4.3434  20.223777 2.3909e+03          1         30 0.0000e+00
   39.76870  -70.99888     6.4852   3.510008    35.0745    491.982    487.643     6.4868   3.510063    35.0735    88.1353     7.8005      21.66 1.0000e-12     4.4612    193.897     4.3444  20.939582 2.3900e+03          1         28 0.0000e+00
   39.76870  -70.99888     6.4936   3.510731    35.0745    490.986    486.657     6.4959   3.510900    35.0739    88.1411     7.8010      62.22 1.0000e-12     4.4578    193.747     4.3457  21.305538 2.3875e+03          1         29 0.0000e+00
   39.76868  -70.99888     6.5017   3.511438    35.0746    489.967    485.648     6.4990   3.511143    35.0740    88.1317     7.8016       0.34 6.1985e-06     4.4587    193.788     4.3470  20.749009 2.3858e+03          1         27 0.0000e+00
   39.76868  -70.99888     6.5102   3.512194    35.0747    488.958    484.649     6.5031   3.511427    35.0735    88.1325     7.8004       0.38 5.3987e-06     4.4564    193.686     4.3364  21.581379 2.3861e+03          1         31 0.0000e+00
   39.76868  -70.99889     6.5199   3.513044    35.0747    488.005    483.705     6.5243   3.513329    35.0734    88.1360     7.8000      46.17 1.0000e-12     4.4490    193.365     4.3278  21.474174 2.3880e+03          1         26 0.0000e+00
   39.76868  -70.99890     6.5324   3.514129    35.0745    487.026    482.737     6.5391   3.514611    35.0731    88.1311     7.7997      17.76 7.9695e-06     4.4416    193.043     4.3249  21.558812 2.3870e+03          1         21 0.0000e+00
   39.76868  -70.99890     6.5577   3.516492    35.0754    485.987    481.708     6.5843   3.518783    35.0737    88.1172     7.8003       5.73 2.0083e-05     4.4442    193.156     4.3179  21.888389 2.3836e+03          1         25 0.0000e+00
