en655/en655_016_1db.cnv
* Sea-Bird SBE 9 Data File:
* FileName = D:\ctd\raw\EN655_016.hex
* Software Version Seasave V 7.26.7.121
* Temperature SN = 4130
* Conductivity SN = 2822
* Number of Bytes Per Scan = 40
* Number of Voltage Words = 5
* Number of Scans Averaged by the Deck Unit = 1
* NMEA Latitude = 40 22.05 N
* NMEA Longitude = 070 52.47 W
* NMEA UTC (Time) = Jul 28 2020  01:54:37
* NMEA baud rate = 4800
** Ship: R/V Endeavor
** Cruise: EN655
** Principal Investigator: Heidi Sosik
** Chief Scientist: Heidi Sosik
** Project: NES-LTER transect
** Dates: 25 - 30 Jul 2020
** Narragansett to Narragansett, Rhode Island
** Station:  L6
** Bottom Depth:
** Operator:
# nquan = 22
# nvalues = 125                         
# units = specified
# name 0 = latitude: Latitude [deg]
# name 1 = longitude: Longitude [deg]
# name 2 = t090C: Temperature [ITS-90, deg C]
# name 3 = c0S/m: Conductivity [S/m]
# name 4 = sal00: Salinity, Practical [PSU]
# name 5 = prDM: Pressure, Digiquartz [db]
# name 6 = depSM: Depth [salt water, m]
# name 7 = t190C: Temperature, 2 [ITS-90, deg C]
# name 8 = c1S/m: Conductivity, 2 [S/m]
# name 9 = sal11: Salinity, Practical, 2 [PSU]
# name 10 = CStarTr0: Beam Transmission, WET Labs C-Star [%]
# name 11 = flECO-AFL: Fluorescence, WET Labs ECO-AFL/FL [mg/m^3]
# name 12 = altM: Altimeter [m]
# name 13 = par: PAR/Irradiance, Biospherical/Licor [umol photons/m^2/sec]
# name 14 = sbeox0ML/L: Oxygen, SBE 43 [ml/l]
# name 15 = sbox0Mm/Kg: Oxygen, SBE 43 [umol/kg]
# name 16 = sbeox1ML/L: Oxygen, SBE 43, 2 [ml/l]
# name 17 = upoly0: Upoly 0, SUNA
# name 18 = spar: SPAR, Biospherical/Licor [umol photons/m^2/sec]
# name 19 = pumps: Pump Status
# name 20 = nbin: number of scans per bin
# name 21 = flag: flag
# span 0 =   40.36684,   40.36749       
# span 1 =  -70.87446,  -70.87210       
# span 2 =     7.7814,    25.0376       
# span 3 =   3.392983,   4.892353       
# span 4 =    31.9158,    34.6018       
# span 5 =      2.673,     90.650       
# span 6 =      2.653,     89.932       
# span 7 =     7.7765,    25.0369       
# span 8 =   3.392672,   4.892438       
# span 9 =    31.9156,    34.6022       
# span 10 =    77.7897,    86.4335      
# span 11 =     0.0040,     2.5764      
# span 12 =       2.56,      85.42      
# span 13 = 1.0000e-12, 3.1125e+00      
# span 14 =     4.6379,     7.8206      
# span 15 =    201.799,    340.835      
# span 16 =     4.5859,     7.6376      
# span 17 = -0.9329004,  8.9705903      
# span 18 = 1.7005e+00, 1.7005e+00      
# span 19 =          1,          1      
# span 20 =          7,        744      
# span 21 = 0.0000e+00, 0.0000e+00      
# interval = decibars: 1                
# start_time = Jul 28 2020 01:54:37 [NMEA time, header]
# bad_flag = -9.990e-29
*END*
   40.36749  -70.87446    24.9961   4.888610    31.9188      2.673      2.653    24.9749   4.887056    31.9224    83.6587     0.2309      69.93 3.1125e+00     4.9533    216.662     4.8155 -0.9329004 1.7005e+00          1        350 0.0000e+00
   40.36744  -70.87436    25.0366   4.892149    31.9158      4.073      4.041    25.0365   4.892109    31.9156    83.6421     0.2227      44.61 1.8309e+00     4.9448    216.293     4.8182 -0.4068736 1.7005e+00          1         31 0.0000e+00
   40.36743  -70.87436    25.0376   4.892353    31.9163      4.924      4.886    25.0368   4.892287    31.9164    83.5743     0.2196      70.52 1.3792e+00     4.9529    216.647     4.8093  0.1527033 1.7005e+00          1         88 0.0000e+00
   40.36742  -70.87432    25.0361   4.892341    31.9169      6.009      5.963    25.0369   4.892438    31.9171    83.6051     0.2101      79.38 1.0076e+00     4.9498    216.511     4.8049  0.1531082 1.7005e+00          1         48 0.0000e+00
   40.36740  -70.87431    25.0018   4.889874    31.9228      7.004      6.950    25.0069   4.890331    31.9225    83.6550     0.2176      85.42 6.3106e-01     4.9543    216.704     4.8378  0.1526133 1.7005e+00          1         81 0.0000e+00
   40.36738  -70.87429    24.6642   4.865535    31.9829      7.973      7.911    24.6963   4.868893    31.9848    83.6454     0.2159      82.24 3.9234e-01     4.9984    218.602     4.8549 -0.5054827 1.7005e+00          1         36 0.0000e+00
   40.36737  -70.87426    24.0395   4.822107    32.1070      9.098      9.028    24.2006   4.832594    32.0695    83.7141     0.2062      69.52 2.3230e-01     5.0481    220.716     4.9082  0.0417522 1.7005e+00          1         90 0.0000e+00
   40.36736  -70.87422    22.8839   4.746492    32.3784      9.993      9.916    23.0610   4.763318    32.3765    84.3427     0.1717      40.25 1.4643e-01     5.2082    227.595     5.0166  0.1544387 1.7005e+00          1         44 0.0000e+00
   40.36734  -70.87420    20.4443   4.547242    32.6546     11.076     10.990    21.1642   4.614561    32.6404    83.8211     0.2000      72.93 9.2882e-02     5.4120    236.296     5.2500  0.1527900 1.7005e+00          1         64 0.0000e+00
   40.36734  -70.87418    19.4553   4.438866    32.5416     11.956     11.863    19.7750   4.476108    32.5964    83.7083     0.2107      62.46 4.4218e-02     6.0283    263.165     5.6824  0.1549192 1.7005e+00          1         52 0.0000e+00
   40.36732  -70.87415    18.7088   4.367978    32.5404     13.048     12.948    19.1577   4.414656    32.5749    83.0707     0.2634      24.88 2.3706e-02     6.2034    270.758     5.9165 -0.4544431 1.7005e+00          1         57 0.0000e+00
   40.36731  -70.87414    17.9696   4.297932    32.5379     13.955     13.847    18.2246   4.324895    32.5625    82.6450     0.3067      76.97 2.8253e-03     6.4167    280.018     6.1574  0.1570765 1.7005e+00          1         55 0.0000e+00
   40.36730  -70.87411    16.8725   4.203883    32.6145     15.025     14.909    17.5736   4.265657    32.5800    82.4311     0.3459      69.71 2.6994e-06     6.6739    291.151     6.3913  0.1581782 1.7005e+00          1         62 0.0000e+00
   40.36728  -70.87410    15.8362   4.114064    32.6755     15.983     15.859    16.0644   4.138080    32.6995    81.8598     0.3766      61.02 8.3680e-06     6.9210    301.848     6.6230  0.1598532 1.7005e+00          1         40 0.0000e+00
   40.36728  -70.87406    14.8594   4.023037    32.6722     17.062     16.930    15.1460   4.051049    32.6853    81.3219     0.4311      50.10 1.0797e-05     7.2130    314.517     6.9112  0.1606414 1.7005e+00          1         62 0.0000e+00
   40.36726  -70.87406    14.4962   3.985622    32.6368     17.935     17.797    14.7110   4.008049    32.6603    81.1803     0.4651      70.23 7.4382e-06     7.4138    323.258     7.1869 -0.6240927 1.7005e+00          1         45 0.0000e+00
   40.36726  -70.87404    14.1843   3.953327    32.6035     19.028     18.881    14.4552   3.979992    32.6195    81.2606     0.4374      47.39 1.1157e-05     7.4437    324.550     7.2136  0.1584957 1.7005e+00          1         45 0.0000e+00
   40.36725  -70.87404    13.9138   3.926622    32.5860     19.901     19.747    14.1734   3.954314    32.6214    81.2774     0.4905      75.93 1.0000e-12     7.4779    326.029     7.3268  0.1600837 1.7005e+00          1         53 0.0000e+00
   40.36724  -70.87403    13.2877   3.867776    32.5707     20.993     20.831    13.3842   3.880114    32.6038    80.9726     0.4893      35.05 1.6196e-05     7.5841    330.620     7.3695  0.1596561 1.7005e+00          1         31 0.0000e+00
   40.36723  -70.87400    12.6306   3.809983    32.5897     22.103     21.932    12.8521   3.829209    32.5810    80.5703     0.5623      53.82 2.6994e-06     7.5895    330.810     7.3931  0.1576856 1.7005e+00          1         62 0.0000e+00
   40.36722  -70.87398    12.4855   3.796189    32.5834     22.939     22.761    12.5538   3.803458    32.5937    80.7121     0.6137      76.40 1.0000e-12     7.7517    337.874     7.5566  0.0403948 1.7005e+00          1         45 0.0000e+00
   40.36722  -70.87398    11.8550   3.740086    32.5922     24.002     23.815    11.9596   3.752587    32.6217    80.0798     0.6267      46.31 1.9689e-05     7.8206    340.835     7.6376 -0.7212325 1.7005e+00          1         34 0.0000e+00
   40.36720  -70.87396    11.3921   3.697394    32.5825     24.979     24.786    11.6721   3.723180    32.5881    79.8287     0.7487      68.10 2.9886e-06     7.6838    334.846     7.5122  0.1553808 1.7005e+00          1         56 0.0000e+00
   40.36720  -70.87394    10.8727   3.648715    32.5616     25.998     25.797    10.9681   3.659637    32.5852    79.8839     0.7640      76.94 1.0000e-12     7.7647    338.345     7.5927  0.1530342 1.7005e+00          1         43 0.0000e+00
   40.36720  -70.87394    10.4732   3.611671    32.5480     27.033     26.823    10.5518   3.620469    32.5658    80.3195     0.7702      66.57 1.0000e-12     7.7215    336.446     7.5078  0.1514538 1.7005e+00          1         40 0.0000e+00
   40.36720  -70.87392    10.0699   3.574879    32.5388     28.026     27.809    10.2291   3.590222    32.5507    80.1418     0.9695      71.80 1.0000e-12     7.6539    333.480     7.4440  0.1440262 1.7005e+00          1         44 0.0000e+00
   40.36720  -70.87392     9.6929   3.541519    32.5395     28.932     28.708     9.9704   3.567206    32.5501    79.9667     1.2249      69.32 1.0000e-12     7.5321    328.151     7.4119  0.1411288 1.7005e+00          1         46 0.0000e+00
   40.36720  -70.87390     9.4707   3.520939    32.5298     29.965     29.733     9.4909   3.524122    32.5442    80.1180     1.1853      70.26 1.0000e-12     7.5081    327.100     7.3962 -0.8203405 1.7005e+00          1         37 0.0000e+00
   40.36718  -70.87390     9.2151   3.497456    32.5201     31.015     30.774     9.2650   3.502854    32.5303    80.2515     1.3163      67.42 1.0000e-12     7.3633    320.779     7.1865  0.1445815 1.7005e+00          1         50 0.0000e+00
   40.36718  -70.87388     8.9819   3.478228    32.5335     31.998     31.749     9.0016   3.480983    32.5440    79.6203     1.6852      65.80 1.0000e-12     7.2963    317.845     7.1363  0.1260424 1.7005e+00          1         43 0.0000e+00
   40.36718  -70.87388     8.8799   3.469504    32.5357     32.994     32.737     8.8820   3.470097    32.5399    79.4930     1.8358      69.84 1.0000e-12     7.0746    308.181     6.8892  0.1248087 1.7005e+00          1         38 0.0000e+00
   40.36718  -70.87388     8.8530   3.469178    32.5565     34.012     33.748     8.8570   3.469934    32.5607    77.7897     2.5764      63.70 1.0000e-12     6.8980    300.483     6.7908  0.1211187 1.7005e+00          1         44 0.0000e+00
   40.36718  -70.87387     8.7755   3.462021    32.5526     34.971     34.699     8.7866   3.463604    32.5589    78.7020     2.2587      61.53 1.0000e-12     6.7611    294.520     6.6461  0.1193139 1.7005e+00          1         55 0.0000e+00
   40.36718  -70.87386     8.6628   3.452912    32.5605     36.001     35.721     8.6814   3.455234    32.5677    80.8195     1.5812      61.13 1.0000e-12     6.6059    287.750     6.5203 -0.6383905 1.7005e+00          1         46 0.0000e+00
   40.36718  -70.87385     8.4249   3.430625    32.5454     37.001     36.712     8.4312   3.432072    32.5548    82.4003     1.1879      59.90 1.0000e-12     6.5616    285.816     6.4719  0.1286833 1.7005e+00          1         39 0.0000e+00
   40.36718  -70.87384     8.3506   3.423667    32.5403     38.030     37.734     8.3536   3.424441    32.5457    82.7725     1.0772      58.75 1.0000e-12     6.4731    281.957     6.3973  0.1079295 1.7005e+00          1         40 0.0000e+00
   40.36718  -70.87384     8.2752   3.417863    32.5484     38.991     38.687     8.2842   3.418929    32.5512    82.8798     1.0888      56.91 1.0000e-12     6.5176    283.891     6.4580  0.1038778 1.7005e+00          1         49 0.0000e+00
   40.36718  -70.87384     8.1781   3.410362    32.5585     39.939     39.628     8.1908   3.411791    32.5619    84.0884     0.7142      55.96 1.0000e-12     6.4591    281.338     6.3900  0.2655550 1.7005e+00          1         56 0.0000e+00
   40.36718  -70.87382     8.1369   3.407301    32.5638     40.984     40.665     8.1384   3.407746    32.5672    85.1238     0.5129      55.87 1.0000e-12     6.3228    275.399     6.2779  0.3386556 1.7005e+00          1         37 0.0000e+00
   40.36718  -70.87380     8.0649   3.401287    32.5664     42.071     41.743     8.0708   3.402232    32.5709    85.5288     0.4169      54.37 1.0000e-12     6.2546    272.424     6.2003  0.2080438 1.7005e+00          1         45 0.0000e+00
   40.36718  -70.87380     7.9993   3.395786    32.5685     42.948     42.614     7.9996   3.396128    32.5718    85.7379     0.3833      52.41 1.0000e-12     6.2010    270.085     6.1511  0.8402426 1.7005e+00          1         42 0.0000e+00
   40.36719  -70.87379     7.9777   3.394426    32.5736     44.105     43.761     7.9934   3.395737    32.5729    85.7916     0.3798      51.44 1.0000e-12     6.1743    268.922     6.1333  1.7688767 1.7005e+00          1         75 0.0000e+00
   40.36718  -70.87378     7.9586   3.393660    32.5828     44.974     44.623     7.9593   3.394051    32.5863    85.9130     0.3759      51.03 1.0000e-12     6.1608    268.331     6.1488  2.0609070 1.7005e+00          1         34 0.0000e+00
   40.36718  -70.87378     7.9323   3.392983    32.5996     45.993     45.634     7.9290   3.392672    32.5994    86.0392     0.3242      51.87 1.0000e-12     6.1577    268.192     6.1416  2.7544538 1.7005e+00          1         27 0.0000e+00
   40.36718  -70.87378     7.9489   3.396736    32.6236     47.109     46.742     7.9458   3.396342    32.6223    86.1349     0.2566      48.86 1.0000e-12     6.1211    266.594     6.0983  3.1825224 1.7005e+00          1         49 0.0000e+00
   40.36718  -70.87376     7.9575   3.398131    32.6302     47.804     47.431     7.9559   3.398095    32.6312    86.1395     0.2497      46.80 1.0000e-12     6.0933    265.379     6.0741  1.6724722 1.7005e+00          1         76 0.0000e+00
   40.36718  -70.87375     7.9600   3.399270    32.6394     49.003     48.620     7.9570   3.399026    32.6396    86.2693     0.2261      48.17 1.0000e-12     6.0763    264.636     6.0640  2.9417411 1.7005e+00          1         25 0.0000e+00
   40.36718  -70.87374     8.0156   3.405628    32.6548     50.047     49.656     8.0065   3.404649    32.6528    86.1835     0.2106      47.78 1.0000e-12     6.0678    264.269     6.0445  2.7876589 1.7005e+00          1         34 0.0000e+00
   40.36718  -70.87373     8.0555   3.410463    32.6686     50.855     50.457     8.0411   3.408635    32.6626    86.2203     0.2555      44.10 1.0000e-12     6.0371    262.931     6.0231  3.6356859 1.7005e+00          1         51 0.0000e+00
   40.36718  -70.87372     8.1693   3.425932    32.7262     52.041     51.634     8.1621   3.424938    32.7224    86.2568     0.1878      43.86 1.0000e-12     6.0161    262.008     6.0144  3.1030398 1.7005e+00          1         41 0.0000e+00
   40.36718  -70.87372     8.1665   3.426510    32.7345     52.909     52.495     8.1677   3.426761    32.7361    86.3336     0.1686      41.83 1.0000e-12     6.0299    262.606     6.0279  3.2159782 1.7005e+00          1         58 0.0000e+00
   40.36718  -70.87372     8.0351   3.414452    32.7286     53.964     53.541     8.0447   3.415843    32.7345    86.4335     0.1597      41.81 1.0000e-12     6.0322    262.702     6.0257  2.2069361 1.7005e+00          1         36 0.0000e+00
   40.36718  -70.87370     7.8716   3.400438    32.7317     55.016     54.586     7.8856   3.402029    32.7356    86.1293     0.1545      40.96 1.0000e-12     6.0262    262.433     6.0076  3.3422516 1.7005e+00          1         28 0.0000e+00
   40.36718  -70.87370     7.8308   3.397426    32.7374     55.825     55.388     7.8450   3.399024    32.7412    86.0951     0.1724      38.71 1.8191e-06     5.9757    260.235     5.9485  4.6124090 1.7005e+00          1         92 0.0000e+00
   40.36718  -70.87368     7.7814   3.394938    32.7567     57.010     56.564     7.7765   3.394401    32.7555    85.5462     0.1297      39.61 1.0000e-12     5.9671    259.855     5.9770  4.3280018 1.7005e+00          1         24 0.0000e+00
   40.36718  -70.87368     7.8101   3.397891    32.7608     58.171     57.715     7.8091   3.397863    32.7614    85.3474     0.1056      37.37 1.0000e-12     5.8733    255.768     5.8525  4.9872290 1.7005e+00          1         84 0.0000e+00
   40.36718  -70.87368     7.8165   3.398813    32.7642     58.965     58.503     7.8144   3.398487    32.7627    85.3751     0.0928      36.65 1.0000e-12     5.7996    252.559     5.7797  4.6919766 1.7005e+00          1         24 0.0000e+00
   40.36718  -70.87368     7.9490   3.413460    32.7958     59.999     59.528     7.9263   3.410206    32.7824    84.9968     0.0830      39.03 1.0000e-12     5.7848    251.913     5.7924  5.4924668 1.7005e+00          1         24 0.0000e+00
   40.36718  -70.87368     7.9655   3.415256    32.7992     60.741     60.265     7.9630   3.415155    32.8004    84.8614     0.0774      34.17 1.0000e-12     5.7923    252.239     5.8105  5.5022237 1.7005e+00          1         90 0.0000e+00
   40.36718  -70.87366     8.0706   3.427435    32.8296     62.021     61.535     8.0262   3.421230    32.8054    84.5724     0.0666      41.03 1.0000e-12     5.7405    249.981     5.7456  5.4154232 1.7005e+00          1         26 0.0000e+00
   40.36718  -70.87365     8.5253   3.480689    32.9672     63.076     62.581     8.4731   3.474071    32.9463    84.9428     0.1001      34.09 1.0000e-12     5.7526    250.499     5.7864  4.8622890 1.7005e+00          1         69 0.0000e+00
   40.36717  -70.87364     8.7637   3.509883    33.0504     63.938     63.436     8.7254   3.503894    33.0235    85.6541     0.1070      30.73 1.0000e-12     5.8009    252.595     5.8235  5.6960527 1.7005e+00          1         35 0.0000e+00
   40.36717  -70.87363     9.0035   3.540114    33.1420     65.015     64.505     8.9984   3.539357    33.1389    86.1006     0.1124      30.81 1.0000e-12     5.8071    252.856     5.8440  3.1322473 1.7005e+00          1         29 0.0000e+00
   40.36718  -70.87362     9.0223   3.543816    33.1626     65.812     65.296     8.9868   3.539131    33.1470    86.0050     0.1167      28.39 1.0000e-12     5.8132    253.119     5.8372  3.7993110 1.7005e+00          1         84 0.0000e+00
   40.36716  -70.87362     8.5454   3.503991    33.1917     66.963     66.437     8.6107   3.513400    33.2291    85.2519     0.0821      28.96 1.0000e-12     5.8217    253.466     5.8062  4.4004443 1.7005e+00          1         26 0.0000e+00
