en655/en655_013_1db.cnv
* Sea-Bird SBE 9 Data File:
* FileName = D:\ctd\raw\EN655_013.hex
* Software Version Seasave V 7.26.7.121
* Temperature SN = 4130
* Conductivity SN = 2822
* Number of Bytes Per Scan = 40
* Number of Voltage Words = 5
* Number of Scans Averaged by the Deck Unit = 1
* NMEA Latitude = 39 46.12 N
* NMEA Longitude = 070 46.81 W
* NMEA UTC (Time) = Jul 27 2020  14:59:27
* NMEA baud rate = 4800
** Ship: R/V Endeavor
** Cruise: EN655
** Principal Investigator: Heidi Sosik
** Chief Scientist: Heidi Sosik
** Project: NES-LTER transect
** Dates: 25 - 30 Jul 2020
** Narragansett to Narragansett, Rhode Island
** Station:  u11a
** Bottom Depth: 1714
** Operator:
** Transmissometer 399DR disconnected. Spikes and possible intermittent bad data on previous casts.
** Transmissometer 593DR installed and connected.
** V0 Transmissometer and V1 Fluorometer to SBE9+ cable swapped with previous one. There were modulo errors on the previous cast EN655_012
# nquan = 22
# nvalues = 516                         
# units = specified
# name 0 = latitude: Latitude [deg]
# name 1 = longitude: Longitude [deg]
# name 2 = t090C: Temperature [ITS-90, deg C]
# name 3 = c0S/m: Conductivity [S/m]
# name 4 = sal00: Salinity, Practical [PSU]
# name 5 = prDM: Pressure, Digiquartz [db]
# name 6 = depSM: Depth [salt water, m]
# name 7 = t190C: Temperature, 2 [ITS-90, deg C]
# name 8 = c1S/m: Conductivity, 2 [S/m]
# name 9 = sal11: Salinity, Practical, 2 [PSU]
# name 10 = CStarTr0: Beam Transmission, WET Labs C-Star [%]
# name 11 = flECO-AFL: Fluorescence, WET Labs ECO-AFL/FL [mg/m^3]
# name 12 = altM: Altimeter [m]
# name 13 = par: PAR/Irradiance, Biospherical/Licor [umol photons/m^2/sec]
# name 14 = sbeox0ML/L: Oxygen, SBE 43 [ml/l]
# name 15 = sbox0Mm/Kg: Oxygen, SBE 43 [umol/kg]
# name 16 = sbeox1ML/L: Oxygen, SBE 43, 2 [ml/l]
# name 17 = upoly0: Upoly 0, SUNA
# name 18 = spar: SPAR, Biospherical/Licor [umol photons/m^2/sec]
# name 19 = pumps: Pump Status
# name 20 = nbin: number of scans per bin
# name 21 = flag: flag
# span 0 =   39.76483,   39.76868       
# span 1 =  -70.78211,  -70.78021       
# span 2 =    10.4903,    25.7945       
# span 3 =   3.901215,   5.347247       
# span 4 =    33.2396,    90.4894       
# span 5 =      1.144,   6452.777       
# span 6 =      1.135,   6309.227       
# span 7 =    10.4569,    25.7938       
# span 8 =   3.897506,   7.498248       
# span 9 =    33.2434,   103.3226       
# span 10 =    83.0141,    88.3217      
# span 11 =    -0.0402,     1.9328      
# span 12 =       0.27,      77.65      
# span 13 = 1.0000e-12, 9.2192e+02      
# span 14 =     0.5584,     6.7876      
# span 15 =     94.196,    295.523      
# span 16 =     1.5496,     6.6692      
# span 17 = -0.9509064,  23.986107      
# span 18 = 2.2565e+03, 2.3740e+03      
# span 19 =          1,          1      
# span 20 =          1,       1225      
# span 21 = 0.0000e+00, 0.0000e+00      
# interval = decibars: 1                
# start_time = Jul 27 2020 14:59:27 [NMEA time, header]
# bad_flag = -9.990e-29
*END*
[from data line 461]
   39.76500  -70.78204    13.1680   4.106516    34.9148     60.973     60.498    13.1850   4.108043    34.9136    87.5180     0.3022       0.45 5.8366e+00     5.1157    222.612     4.9454  3.7875542 2.3471e+03          1         72 0.0000e+00
   39.76500  -70.78203    13.1791   4.107508    34.9144     60.012     59.545    13.1855   4.108272    34.9157    87.5429     0.2929      21.58 6.1347e+00     5.1281    223.152     4.9699  3.7164076 2.3458e+03          1         28 0.0000e+00
   39.76500  -70.78203    13.2312   4.112468    34.9140     58.993     58.534    13.2765   4.115265    34.8989    87.4253     0.2944       0.52 6.5892e+00     5.1182    222.724     4.9449  3.7318409 2.3470e+03          1         27 0.0000e+00
   39.76500  -70.78204    13.4819   4.137189    34.9182     57.998     57.546    13.5375   4.142502    34.9174    87.3675     0.4205      14.78 7.1337e+00     5.1108    222.412     4.9454  4.2392806 2.3497e+03          1         42 0.0000e+00
   39.76500  -70.78204    13.4556   4.134249    34.9150     57.031     56.588    13.5001   4.138329    34.9127    87.1999     0.5879      15.11 7.7470e+00     5.1210    222.857     4.9484  3.5120227 2.3495e+03          1         41 0.0000e+00
   39.76500  -70.78204    13.4631   4.133689    34.9032     56.015     55.580    13.4939   4.135131    34.8887    87.1401     0.4821       0.40 8.0824e+00     5.0956    221.754     4.9114  3.5761264 2.3484e+03          1         40 0.0000e+00
   39.76500  -70.78204    13.3395   4.114161    34.8323     54.981     54.554    13.3390   4.114904    34.8397    86.8950     0.4817       0.35 9.1308e+00     5.1143    222.575     4.9431  3.2166694 2.3505e+03          1         32 0.0000e+00
   39.76500  -70.78204    13.2677   4.104966    34.8115     53.961     53.542    13.0396   4.071881    34.7061    86.4256     0.7671       0.35 9.9860e+00     5.1274    223.146     4.9528  2.5148162 2.3521e+03          1         43 0.0000e+00
   39.76500  -70.78204    13.1013   4.078896    34.7167     53.044     52.632    12.9997   4.063758    34.6658    86.2871     0.8647       0.45 1.0426e+01     5.1841    225.620     5.0591  0.7507281 2.3523e+03          1         33 0.0000e+00
   39.76500  -70.78204    13.0276   4.065636    34.6586     52.012     51.608    13.0269   4.065450    34.6574    86.1259     0.7963       0.45 1.1641e+01     5.2218    227.270     5.1653  1.5685559 2.3540e+03          1         28 0.0000e+00
   39.76499  -70.78204    13.1071   4.073026    34.6566     50.923     50.527    13.1300   4.073745    34.6425    85.9686     0.8685      14.25 1.3123e+01     5.3105    231.134     5.1862  1.5865051 2.3570e+03          1         44 0.0000e+00
   39.76498  -70.78204    13.1143   4.078312    34.7006     50.092     49.703    13.1333   4.077088    34.6716    86.0201     1.0222      26.15 1.4310e+01     5.3986    234.958     5.2205  1.5009717 2.3569e+03          1         46 0.0000e+00
   39.76498  -70.78204    13.1534   4.076197    34.6453     48.922     48.543    13.1408   4.074615    34.6417    85.5456     1.0787      29.02 1.5823e+01     5.3537    233.016     5.1908  1.6735393 2.3568e+03          1         29 0.0000e+00
   39.76498  -70.78204    13.1491   4.074147    34.6302     47.991     47.619    13.1489   4.070918    34.5996    85.1000     1.3559       0.38 1.8179e+01     5.3528    232.979     5.1939  0.6821444 2.3578e+03          1         40 0.0000e+00
   39.76498  -70.78204    13.1440   4.068849    34.5849     47.033     46.669    13.1461   4.067679    34.5719    84.7029     1.4131       0.40 1.9842e+01     5.4536    237.376     5.3073  0.5892054 2.3573e+03          1         35 0.0000e+00
   39.76498  -70.78204    13.1397   4.066817    34.5700     45.984     45.628    13.1348   4.066254    34.5690    84.0811     1.5955      39.03 2.2300e+01     5.5187    240.212     5.4589 -0.6699405 2.3574e+03          1         31 0.0000e+00
   39.76498  -70.78204    13.1372   4.065732    34.5624     44.922     44.574    13.1444   4.064904    34.5480    83.8544     1.6451      12.91 2.5181e+01     5.6387    245.436     5.4858 -0.1376899 2.3597e+03          1         48 0.0000e+00
   39.76498  -70.78204    13.1356   4.065847    34.5653     44.082     43.741    13.1310   4.064972    34.5612    84.0301     1.7483      12.31 2.7413e+01     5.7004    248.122     5.5383  0.0827312 2.3592e+03          1         40 0.0000e+00
   39.76498  -70.78206    13.0898   4.056062    34.5145     43.020     42.686    13.0722   4.052817    34.4997    83.4481     1.6415       4.39 3.0322e+01     5.6855    247.481     5.5064  0.0828839 2.3586e+03          1         25 0.0000e+00
   39.76498  -70.78206    15.5914   4.048216    33.6591     41.956     41.631    13.1403   4.049100    34.4030    83.5199     1.3164      29.22 3.4356e+01     4.3133    185.156     5.5611  0.0815511 2.3594e+03          1         33 0.0000e+00
   39.76498  -70.78205    13.1266   4.051426    34.4378     41.180     40.861    13.1368   4.052390    34.4377    83.5378     1.1235      13.67 3.6260e+01     6.0978    265.445     6.1257  0.0834372 2.3595e+03          1         53 0.0000e+00
   39.76498  -70.78204    13.1626   4.051238    34.4039     39.987     39.678    13.1634   4.050809    34.3990    83.6486     1.0239      13.22 4.1171e+01     6.3372    275.874     6.1389  0.0853856 2.3588e+03          1         21 0.0000e+00
   39.76498  -70.78206    13.2095   4.053674    34.3849     38.897     38.596    13.2553   4.055181    34.3577    83.6476     1.0388       9.54 4.5806e+01     6.2928    273.947     6.0196  0.0233162 2.3603e+03          1         37 0.0000e+00
   39.76498  -70.78206    13.1940   4.053403    34.3967     38.189     37.893    13.1964   4.053163    34.3923    83.7439     0.9859      20.49 4.8135e+01     6.4335    280.070     6.3231 -0.3981064 2.3588e+03          1         59 0.0000e+00
   39.76498  -70.78206    13.2873   4.058946    34.3652     36.993     36.707    13.2802   4.058120    34.3639    83.7081     0.8649      48.18 5.3079e+01     6.4210    279.538     6.1981  0.0926578 2.3569e+03          1         25 0.0000e+00
   39.76498  -70.78206    13.7058   4.095215    34.3299     35.964     35.686    13.8341   4.104238    34.2993    83.6330     0.8541       0.39 6.0038e+01     6.3773    277.666     6.1152  0.0926578 2.3572e+03          1         27 0.0000e+00
   39.76498  -70.78206    13.7793   4.103504    34.3420     34.998     34.728    13.8314   4.108701    34.3438    83.6223     0.8415       9.35 6.5819e+01     6.6430    289.236     6.5026  0.0931070 2.3580e+03          1         68 0.0000e+00
   39.76498  -70.78206    13.9926   4.126028    34.3614     34.062     33.799    13.8791   4.113228    34.3438    83.6142     0.7597       0.41 6.5939e+01     6.7049    291.941     6.3993  0.0938795 2.3564e+03          1         25 0.0000e+00
   39.76498  -70.78206    14.3806   4.171649    34.4360     33.041     32.786    14.4388   4.165605    34.3301    83.6269     0.7129       0.38 7.5652e+01     6.6368    288.982     6.3264  0.0926578 2.3569e+03          1         23 0.0000e+00
   39.76498  -70.78206    15.8939   4.335976    34.5930     32.048     31.801    16.4639   4.403397    34.6947    83.8222     0.5973      19.96 9.2310e+01     6.5540    285.434     6.3057  0.0926578 2.3585e+03          1         31 0.0000e+00
   39.76496  -70.78206    18.0072   4.575110    34.8569     25.047     24.854    17.8273   4.557617    34.8624    84.6810     0.3262       0.32 1.7126e+02     6.1546    268.117     5.9021  0.0342861 2.3572e+03          1         45 0.0000e+00
   39.76496  -70.78206    18.7508   4.641259    34.7886     24.030     23.845    18.5172   4.621386    34.8184    84.6388     0.3216       0.44 1.7919e+02     6.0411    263.235     5.8272 -0.9509064 2.3569e+03          1         30 0.0000e+00
   39.76496  -70.78206    20.5925   4.839339    34.8870     22.952     22.775    20.1389   4.943510    36.2532    84.6786     0.2505       0.47 2.2591e+02     5.9368    258.792     5.7913  0.1201468 2.3572e+03          1         30 0.0000e+00
   39.76496  -70.78206    20.8511   4.903594    35.2046     21.977     21.808    22.1068   5.011539    35.0264    85.2402     0.1677       0.43 2.4076e+02     6.0644    264.310     5.8160  0.1067548 2.3586e+03          1         52 0.0000e+00
   39.76496  -70.78206    19.5242   4.952191    90.4894     21.040     20.878    21.7019   4.970872    35.0346    85.8334     0.1535       0.42 2.5976e+02     0.5584    176.165     5.2962  0.1041116 2.3576e+03          1         32 0.0000e+00
   39.76496  -70.78206    22.6329   5.076692    35.1119     19.957     19.804    22.9009   5.098315    35.0635    86.2344     0.1539       0.37 2.9954e+02     5.6128    244.762     5.2560  0.1088840 2.3579e+03          1         32 0.0000e+00
   39.76495  -70.78206    23.5556   5.176015    35.1400     19.072     18.926    23.4507   5.164964    35.1390    86.4016     0.1148       0.37 3.3057e+02     5.4661    238.424     5.2354  0.1028389 2.3581e+03          1         60 0.0000e+00
   39.76492  -70.78209    24.7914   5.302940    35.1254     18.225     18.085    24.7857   5.302235    35.1246    86.5764     0.1157       9.85 2.4146e+02     5.0025    218.284     4.8195  0.0029477 2.3644e+03          1       1225 0.0000e+00
   39.76488  -70.78210    24.8748   5.304896    35.0754     16.943     16.813    24.8488   5.304219    35.0906    86.5778     0.0962       0.55 2.5407e+02     4.9864    217.593     4.8222  0.1160981 2.3705e+03          1         43 0.0000e+00
   39.76488  -70.78210    24.8476   5.303840    35.0890     16.042     15.919    24.8117   5.300994    35.0958    86.5724     0.0897      12.60 3.0536e+02     4.9814    217.370     4.8077 -0.1596184 2.3714e+03          1        104 0.0000e+00
   39.76488  -70.78210    25.1612   5.318899    34.9581     15.026     14.911    25.1032   5.325170    35.0491    86.6567     0.1182      12.97 2.8259e+02     4.9829    217.477     4.8066  0.1186197 2.3710e+03          1         40 0.0000e+00
   39.76488  -70.78210    25.1201   5.323205    35.0218     14.119     14.011    25.1365   5.323970    35.0148    86.7131     0.0548      18.99 4.1274e+02     4.9271    215.031     4.7563  0.1191078 2.3723e+03          1         97 0.0000e+00
   39.76488  -70.78210    25.2845   5.305962    34.7685     12.940     12.841    25.3930   5.299857    34.6407    86.9947     0.0538      13.87 4.8050e+02     4.9279    215.114     4.7211  0.1199519 2.3715e+03          1         47 0.0000e+00
   39.76488  -70.78210    25.3814   5.300413    34.6535     12.198     12.105    25.4032   5.299534    34.6305    87.0354     0.0491       8.31 4.6096e+02     4.8617    212.250     4.6588 -0.2905223 2.3730e+03          1         88 0.0000e+00
   39.76488  -70.78211    25.5253   5.290760    34.4737     10.825     10.742    25.6029   5.285498    34.3765    87.1841     0.0412      13.86 5.4877e+02     4.8250    210.684     4.6187  0.1185842 2.3729e+03          1         86 0.0000e+00
   39.76488  -70.78210    25.6101   5.286226    34.3767     10.096     10.018    25.5707   5.287486    34.4155    87.1712     0.0318      12.51 5.7833e+02     4.7889    209.129     4.5977  0.1146490 2.3740e+03          1         50 0.0000e+00
   39.76487  -70.78210    25.6230   5.285002    34.3583      8.887      8.819    25.6582   5.282691    34.3148    87.2801     0.0268       7.39 6.7299e+02     4.7669    208.172     4.5894 -0.0520760 2.3736e+03          1         88 0.0000e+00
   39.76486  -70.78210    25.7168   5.285652    34.2927      7.967      7.906    25.6878   5.283670    34.3001    87.3730     0.0246       0.31 6.7958e+02     4.7587    207.831     4.5676 -0.2456684 2.3723e+03          1         52 0.0000e+00
   39.76486  -70.78210    25.7233   5.285506    34.2870      7.123      7.069    25.7031   5.283708    34.2890    87.3154     0.0216      16.69 7.0600e+02     4.7442    207.195     4.5708  0.1174227 2.3723e+03          1         74 0.0000e+00
   39.76486  -70.78210    25.7489   5.285721    34.2697      5.867      5.822    25.7582   5.285759    34.2630    87.4503     0.0294       0.38 8.4990e+02     4.7396    207.000     4.5572  0.1174018 2.3722e+03          1         79 0.0000e+00
   39.76486  -70.78210    25.7739   5.287034    34.2609      5.011      4.973    25.7646   5.286246    34.2621    87.4937     0.0302      24.38 9.2192e+02     4.7309    206.625     4.5561 -0.2201060 2.3702e+03          1         75 0.0000e+00
   39.76484  -70.78210    25.7801   5.287343    34.2587      3.937      3.907    25.7775   5.286962    34.2579    87.5077     0.0353      10.26 8.9990e+02     4.7449    207.233     4.5564 -0.0186776 2.3696e+03          1         62 0.0000e+00
   39.76484  -70.78210    25.7767   5.287043    34.2594      3.034      3.010    25.7812   5.287139    34.2567    87.5491     0.0353       0.44 6.5861e+02     4.7393    206.990     4.5483  0.1159672 2.3693e+03          1         76 0.0000e+00
   39.76484  -70.78210    25.7838   5.287522    34.2579      1.993      1.978    25.7877   5.287645    34.2559    87.4361     0.0365       0.35 2.5503e+02     4.7412    207.074     4.5354  0.1154265 2.3682e+03          1         55 0.0000e+00
   39.76483  -70.78208    25.7945   5.288588    34.2579      1.144      1.135    25.7938   5.288251    34.2560    87.5294     0.0371       2.50 3.4683e+02     4.7346    206.785     4.5389 -0.0602180 2.3628e+03          1        192 0.0000e+00
