en655/en655_011_1db.cnv
* Sea-Bird SBE 9 Data File:
* FileName = D:\ctd\raw\EN655_011.hex
* Software Version Seasave V 7.26.7.121
* Temperature SN = 4130
* Conductivity SN = 2822
* Number of Bytes Per Scan = 40
* Number of Voltage Words = 5
* Number of Scans Averaged by the Deck Unit = 1
* NMEA Latitude = 40 13.46 N
* NMEA Longitude = 070 52.76 W
* NMEA UTC (Time) = Jul 27 2020  01:27:35
* NMEA baud rate = 4800
** Ship: R/V Endeavor
** Cruise: EN655
** Principal Investigator: Heidi Sosik
** Chief Scientist: Heidi Sosik
** Project: NES-LTER transect
** Dates: 25 - 30 Jul 2020
** Narragansett to Narragansett, Rhode Island
** Station:  L7
** Bottom Depth: 127
** Operator:
# nquan = 22
# nvalues = 205                         
# units = specified
# name 0 = latitude: Latitude [deg]
# name 1 = longitude: Longitude [deg]
# name 2 = t090C: Temperature [ITS-90, deg C]
# name 3 = c0S/m: Conductivity [S/m]
# name 4 = sal00: Salinity, Practical [PSU]
# name 5 = prDM: Pressure, Digiquartz [db]
# name 6 = depSM: Depth [salt water, m]
# name 7 = t190C: Temperature, 2 [ITS-90, deg C]
# name 8 = c1S/m: Conductivity, 2 [S/m]
# name 9 = sal11: Salinity, Practical, 2 [PSU]
# name 10 = CStarTr0: Beam Transmission, WET Labs C-Star [%]
# name 11 = flECO-AFL: Fluorescence, WET Labs ECO-AFL/FL [mg/m^3]
# name 12 = altM: Altimeter [m]
# name 13 = par: PAR/Irradiance, Biospherical/Licor [umol photons/m^2/sec]
# name 14 = sbeox0ML/L: Oxygen, SBE 43 [ml/l]
# name 15 = sbox0Mm/Kg: Oxygen, SBE 43 [umol/kg]
# name 16 = sbeox1ML/L: Oxygen, SBE 43, 2 [ml/l]
# name 17 = upoly0: Upoly 0, SUNA
# name 18 = spar: SPAR, Biospherical/Licor [umol photons/m^2/sec]
# name 19 = pumps: Pump Status
# name 20 = nbin: number of scans per bin
# name 21 = flag: flag
# span 0 =   40.22214,   40.22434       
# span 1 =  -70.87945,  -70.87626       
# span 2 =     8.6234,    23.5641       
# span 3 =   3.465864,   4.814374       
# span 4 =    32.3934,    51.5645       
# span 5 =      2.222,    126.674       
# span 6 =      2.204,    125.663       
# span 7 =     8.6776,    23.5661       
# span 8 =   3.472041,   4.814645       
# span 9 =    32.3948,    35.3596       
# span 10 =    64.7162,    88.0224      
# span 11 =     0.0453,     2.1259      
# span 12 =       0.22,      97.55      
# span 13 = 1.0000e-12, 7.2643e+00      
# span 14 =     0.1851,     7.1971      
# span 15 =     79.144,    313.551      
# span 16 =     4.0034,     7.0971      
# span 17 = -0.8403921,  11.680221      
# span 18 = 1.7005e+00, 1.7005e+00      
# span 19 =          1,          1      
# span 20 =         21,       1731      
# span 21 = 0.0000e+00, 0.0000e+00      
# interval = decibars: 1                
# start_time = Jul 27 2020 01:27:35 [NMEA time, header]
# bad_flag = -9.990e-29
*END*
[from data line 132]
   40.22299  -70.87773    12.7694   4.116712    35.3570    120.133    119.175    12.7682   4.116678    35.3578    84.8530     0.0592       7.33 1.0000e-12     4.1399    180.076     4.0341  10.011207 1.7005e+00          1         38 0.0000e+00
   40.22298  -70.87772    12.7696   4.116674    35.3569    119.006    118.058    12.7687   4.116674    35.3578    84.8537     0.0629       8.20 1.0000e-12     4.1423    180.182     4.0193  10.798765 1.7005e+00          1         23 0.0000e+00
   40.22298  -70.87771    12.7698   4.116646    35.3568    117.988    117.048    12.7690   4.116646    35.3576    84.8355     0.0566       9.65 1.0000e-12     4.1437    180.241     4.0211  11.331042 1.7005e+00          1         78 0.0000e+00
   40.22297  -70.87770    12.7698   4.116592    35.3568    117.025    116.093    12.7687   4.116580    35.3576    84.8093     0.0611      10.30 1.0000e-12     4.1378    179.985     4.0101  10.403814 1.7005e+00          1         22 0.0000e+00
   40.22296  -70.87770    12.7711   4.116639    35.3565    115.917    114.994    12.7704   4.116647    35.3572    84.8093     0.0561      11.38 1.0000e-12     4.1457    180.329     4.0034  11.043013 1.7005e+00          1         27 0.0000e+00
   40.22296  -70.87769    12.7711   4.116615    35.3566    115.251    114.334    12.7701   4.116599    35.3574    84.8810     0.0563      12.43 1.0000e-12     4.1508    180.552     4.0177  11.014000 1.7005e+00          1         51 0.0000e+00
   40.22294  -70.87768    12.7721   4.116631    35.3563    113.977    113.070    12.7712   4.116621    35.3570    84.8895     0.0526      13.24 1.0000e-12     4.1458    180.335     4.0276  11.680221 1.7005e+00          1         21 0.0000e+00
   40.22293  -70.87765    12.7729   4.116637    35.3562    112.791    111.894    12.7719   4.116621    35.3569    84.9335     0.0556      14.84 1.0000e-12     4.1462    180.350     4.0159  11.040266 1.7005e+00          1         56 0.0000e+00
   40.22291  -70.87761    12.7739   4.116669    35.3558    112.126    111.234    12.7721   4.116598    35.3568    84.9981     0.0565      15.70 1.0000e-12     4.1487    180.459     4.0204  11.307495 1.7005e+00          1         45 0.0000e+00
   40.22290  -70.87760    12.7740   4.116626    35.3558    111.019    110.136    12.7736   4.116645    35.3564    85.0703     0.0561      16.54 1.0000e-12     4.1543    180.705     4.0149  11.367515 1.7005e+00          1         28 0.0000e+00
   40.22290  -70.87760    12.7780   4.116865    35.3548    109.884    109.011    12.7763   4.116805    35.3558    85.1040     0.0585      18.01 1.0000e-12     4.1598    180.943     4.0078  10.841174 1.7005e+00          1         78 0.0000e+00
   40.22289  -70.87758    12.7862   4.117402    35.3527    109.035    108.169    12.7816   4.117147    35.3545    85.3142     0.0511      18.74 1.0000e-12     4.1599    180.947     4.0210  10.578799 1.7005e+00          1         25 0.0000e+00
   40.22288  -70.87758    12.7866   4.117400    35.3527    107.954    107.097    12.7875   4.117488    35.3527    85.4527     0.0546      19.41 1.0000e-12     4.1621    181.044     4.0112  10.457848 1.7005e+00          1         25 0.0000e+00
   40.22288  -70.87757    12.7920   4.117738    35.3514    106.933    106.084    12.7920   4.117788    35.3519    85.5105     0.0585      20.96 1.0000e-12     4.1809    181.863     4.0446  10.925678 1.7005e+00          1         65 0.0000e+00
   40.22288  -70.87755    12.8249   4.120229    35.3448    105.992    105.151    12.8073   4.118866    35.3483    85.6666     0.0583      21.85 1.0000e-12     4.1813    181.882     4.0477  11.386754 1.7005e+00          1         44 0.0000e+00
   40.22288  -70.87754    12.8134   4.119349    35.3475    105.332    104.496    12.8019   4.118474    35.3498    85.7143     0.0547      22.52 1.0000e-12     4.2154    183.365     4.0518  10.612659 1.7005e+00          1         21 0.0000e+00
   40.22286  -70.87753    13.0119   4.138175    35.3430    102.985    102.168    12.9951   4.136752    35.3452    86.7118     0.0580      24.64 1.0000e-12     4.3479    189.136     4.2073  9.0603114 1.7005e+00          1         48 0.0000e+00
   40.22284  -70.87752    13.0709   4.144649    35.3502    101.992    101.184    12.9917   4.135998    35.3416    86.9824     0.0626      25.97 1.0000e-12     4.3708    190.132     4.2181  8.5728365 1.7005e+00          1         59 0.0000e+00
   40.22284  -70.87750    13.1545   4.151675    35.3398    100.823    100.024    13.1215   4.148838    35.3434    87.4989     0.0574      27.42 1.0000e-12     4.4354    192.946     4.2584  8.9907263 1.7005e+00          1        135 0.0000e+00
   40.22270  -70.87724    13.2021   4.154965    35.3270    100.101     99.308    13.2010   4.154881    35.3273    87.9604     0.0637      27.79 1.0000e-12     4.5471    197.812     4.4158  8.3633167 1.7005e+00          1        102 0.0000e+00
   40.22268  -70.87720    13.2070   4.155324    35.3264     99.005     98.221    13.2053   4.155154    35.3262    88.0224     0.0698      28.40 1.0000e-12     4.5626    198.485     4.4323  8.1081044 1.7005e+00          1         21 0.0000e+00
   40.22268  -70.87719    13.2179   4.156302    35.3260     97.935     97.160    13.2247   4.156935    35.3256    88.0057     0.0675      29.46 1.0000e-12     4.5647    198.577     4.4229  8.7122006 1.7005e+00          1         29 0.0000e+00
   40.22268  -70.87718    13.2161   4.155960    35.3247     97.267     96.497    13.2161   4.156123    35.3262    87.9690     0.0677      30.83 1.0000e-12     4.5676    198.702     4.4251  7.5437797 1.7005e+00          1         63 0.0000e+00
   40.22266  -70.87716    13.1778   4.150152    35.3056     95.980     95.221    13.1477   4.146391    35.2977    88.0031     0.0629      31.53 1.0000e-12     4.5699    198.805     4.4320  6.5126341 1.7005e+00          1         26 0.0000e+00
   40.22266  -70.87716    13.1054   4.138762    35.2650     95.054     94.302    13.1208   4.141157    35.2734    88.0123     0.0688      33.11 1.0000e-12     4.5789    199.198     4.4453  8.0102812 1.7005e+00          1         62 0.0000e+00
   40.22266  -70.87715    13.0842   4.134522    35.2447     93.989     93.246    13.0972   4.137153    35.2576    87.9933     0.0778      33.97 1.0000e-12     4.6555    202.533     4.5148  8.1121187 1.7005e+00          1         25 0.0000e+00
   40.22266  -70.87714    13.0801   4.133569    35.2399     92.927     92.193    13.0606   4.129455    35.2188    87.9673     0.0744      35.09 1.0000e-12     4.6849    203.815     4.4827  7.4938954 1.7005e+00          1         47 0.0000e+00
   40.22266  -70.87713    13.0447   4.127228    35.2127     92.007     91.280    13.0867   4.134193    35.2401    87.9576     0.0738      36.30 1.0000e-12     4.7224    205.447     4.5832  6.9824962 1.7005e+00          1         66 0.0000e+00
   40.22265  -70.87712    12.9950   4.118451    35.1756     91.034     90.315    13.0281   4.124533    35.2029    87.8730     0.0741      37.04 1.0000e-12     4.7330    205.912     4.5555  6.5405188 1.7005e+00          1         38 0.0000e+00
   40.22264  -70.87712    12.9610   4.112781    35.1535     89.958     89.248    12.9641   4.113651    35.1590    87.9097     0.0710      38.05 1.0000e-12     4.8011    208.879     4.5696  6.1328108 1.7005e+00          1         37 0.0000e+00
   40.22264  -70.87711    12.9479   4.111166    35.1506     89.018     88.315    12.9705   4.114218    35.1588    87.9225     0.0834      39.35 1.0000e-12     4.8305    210.155     4.6770  6.4948294 1.7005e+00          1         64 0.0000e+00
   40.22264  -70.87710    12.9041   4.104356    35.1267     88.012     87.317    12.9158   4.106074    35.1323    87.9443     0.0785      40.19 1.0000e-12     4.8346    210.338     4.6725  6.3107739 1.7005e+00          1         60 0.0000e+00
   40.22262  -70.87709    12.8274   4.092577    35.0856     87.037     86.350    12.8399   4.094902    35.0963    87.9453     0.0750      41.13 1.0000e-12     4.8711    211.926     4.6800  6.3112830 1.7005e+00          1         45 0.0000e+00
   40.22262  -70.87707    12.7221   4.077238    35.0369     86.020     85.341    12.7630   4.083542    35.0593    87.9047     0.0933      42.22 1.0000e-12     4.8718    211.961     4.7076  6.3902695 1.7005e+00          1         43 0.0000e+00
   40.22262  -70.87706    12.6065   4.061018    34.9888     84.907     84.237    12.6520   4.067340    35.0073    87.8727     0.0760      43.51 1.0000e-12     4.8959    213.013     4.7139  5.7731327 1.7005e+00          1         52 0.0000e+00
   40.22261  -70.87706    12.4324   4.037208    34.9214     84.090     83.427    12.5487   4.053449    34.9699    87.6841     0.0807      44.48 1.0000e-12     4.9343    214.689     4.7618  6.4005636 1.7005e+00          1         65 0.0000e+00
   40.22260  -70.87704    12.3945   4.031301    34.9002     82.961     82.307    12.3919   4.031229    34.9018    87.5563     0.0746      45.28 1.0000e-12     4.9524    215.480     4.7602  5.6920499 1.7005e+00          1         46 0.0000e+00
   40.22260  -70.87704    12.3387   4.023396    34.8760     82.118     81.471    12.4115   4.033581    34.9068    87.4984     0.0817      46.31 1.0000e-12     4.9685    216.181     4.7889  6.0319502 1.7005e+00          1         44 0.0000e+00
   40.22260  -70.87703    12.2587   4.011806    34.8386     80.965     80.327    12.2421   4.010351    34.8400    87.4378     0.0752      47.20 1.0000e-12     4.9846    216.882     4.8071  6.3299792 1.7005e+00          1         33 0.0000e+00
   40.22258  -70.87702    12.1999   4.004119    34.8191     80.256     79.624    12.2259   4.007482    34.8275    87.3963     0.0755      48.62 1.0000e-12     4.9990    217.511     4.8143  5.8210623 1.7005e+00          1         80 0.0000e+00
   40.22258  -70.87702    12.0997   3.989926    34.7751     78.931     78.310    12.0983   3.990502    34.7819    87.3195     0.0720      48.91 1.0000e-12     5.0049    217.770     4.8250  5.9264368 1.7005e+00          1         30 0.0000e+00
   40.22257  -70.87700    12.0645   3.985196    34.7621     78.117     77.502    12.0912   3.988835    34.7728    87.2905     0.0825      50.79 1.0000e-12     5.0261    218.695     4.8372  6.0180669 1.7005e+00          1         71 0.0000e+00
   40.22256  -70.87700    12.0239   3.979300    34.7430     76.961     76.356    12.0196   3.979043    34.7445    87.2360     0.0708      51.36 1.0000e-12     5.0359    219.121     4.8574  5.4367888 1.7005e+00          1         32 0.0000e+00
   40.22255  -70.87699    11.9315   3.966975    34.7092     76.126     75.527    11.9652   3.971707    34.7240    87.2337     0.0837      52.88 1.0000e-12     5.0596    220.154     4.8707  6.4004696 1.7005e+00          1         75 0.0000e+00
   40.22250  -70.87691    11.8260   3.951924    34.6610     75.125     74.534    11.8262   3.952064    34.6621    87.1942     0.0779      53.86 1.0000e-12     5.0926    221.596     4.9202  5.6148947 1.7005e+00          1        510 0.0000e+00
   40.22238  -70.87672    11.8057   3.948977    34.6514     74.127     73.544    11.8064   3.949133    34.6523    87.2224     0.0823      54.22 1.0000e-12     5.0926    221.597     4.9333  4.8815329 1.7005e+00          1         38 0.0000e+00
   40.22238  -70.87670    11.8089   3.949276    34.6519     72.965     72.391    11.8030   3.948641    34.6512    87.1884     0.0860      54.95 1.0000e-12     5.0992    221.882     4.9493  5.6631322 1.7005e+00          1         29 0.0000e+00
   40.22238  -70.87670    11.8245   3.947720    34.6237     72.015     71.449    11.8006   3.948254    34.6500    87.2106     0.0792      56.67 1.0000e-12     5.1022    222.019     4.9348  6.2609053 1.7005e+00          1         81 0.0000e+00
   40.22238  -70.87668    11.7759   3.944562    34.6373     70.933     70.376    11.7756   3.944502    34.6370    87.1618     0.0747      57.37 1.0000e-12     5.1010    221.960     4.9457  6.1259231 1.7005e+00          1         32 0.0000e+00
   40.22236  -70.87668    11.7461   3.940325    34.6240     69.985     69.435    11.7565   3.941730    34.6281    87.1871     0.0944      58.29 1.0000e-12     5.1052    222.145     4.9422  5.6454381 1.7005e+00          1         45 0.0000e+00
   40.22236  -70.87668    11.7139   3.935304    34.6052     69.052     68.510    11.7651   3.946373    34.6661    87.2127     0.0863      59.48 1.0000e-12     5.1123    222.457     4.9424  4.4029348 1.7005e+00          1         50 0.0000e+00
   40.22236  -70.87666    11.6782   3.929857    34.5855     68.034     67.500    11.6773   3.930029    34.5880    87.1673     0.0811      60.53 1.0000e-12     5.1217    222.867     4.9431  4.9490498 1.7005e+00          1         39 0.0000e+00
   40.22236  -70.87665    11.6458   3.925033    34.5688     66.940     66.415    11.6570   3.926830    34.5760    87.1845     0.0984      61.58 1.0000e-12     5.1396    223.649     4.9564  5.9259442 1.7005e+00          1         62 0.0000e+00
   40.22234  -70.87664    11.6452   3.924148    34.5610     66.070     65.552    11.6538   3.926078    34.5720    87.1460     0.0992      62.71 1.0000e-12     5.1474    223.987     4.9590  5.6734753 1.7005e+00          1         39 0.0000e+00
   40.22234  -70.87664     9.7696   3.922538    51.5645     64.978     64.469    11.6347   3.922195    34.5522    87.1870     0.0957      63.46 1.0000e-12     0.1851     79.144     4.9563  5.2599374 1.7005e+00          1         28 0.0000e+00
   40.22233  -70.87662    11.6332   3.921526    34.5473     64.020     63.519    11.6335   3.921633    34.5482    87.1783     0.2894      65.13 1.0000e-12     5.1505    224.123     4.9690  5.2632645 1.7005e+00          1         80 0.0000e+00
   40.22232  -70.87660    11.6093   3.916915    34.5247     63.007     62.514    11.6178   3.918990    34.5372    87.1779     0.1074      65.80 1.0000e-12     5.1513    224.164     4.9720  4.7225200 1.7005e+00          1         24 0.0000e+00
   40.22232  -70.87660    11.6139   3.915705    34.5091     61.801     61.317    11.6107   3.915633    34.5114    87.1429     0.1172      67.19 1.0000e-12     5.1485    224.044     4.9573  5.5381598 1.7005e+00          1         73 0.0000e+00
   40.22232  -70.87658    11.6511   3.919400    34.5111     61.063     60.585    11.6218   3.916925    34.5141    87.1762     0.1355      68.55 1.0000e-12     5.1503    224.125     4.9828  5.6539902 1.7005e+00          1         25 0.0000e+00
   40.22230  -70.87658    11.6974   3.923485    34.5086     59.933     59.464    11.7354   3.926036    34.4983    87.1378     0.1297      68.45 1.0000e-12     5.1445    223.872     4.9753  5.4130177 1.7005e+00          1         21 0.0000e+00
   40.22230  -70.87657    11.7871   3.932014    34.5092     59.048     58.586    11.7658   3.930211    34.5114    87.2506     0.1778      70.90 1.0000e-12     5.1757    225.234     5.0031  5.5191922 1.7005e+00          1         87 0.0000e+00
   40.22230  -70.87656    11.7880   3.931530    34.5041     58.016     57.563    11.8130   3.934021    34.5053    87.2869     0.2086      71.13 1.0000e-12     5.1995    226.269     4.9637  5.5046478 1.7005e+00          1         21 0.0000e+00
   40.22230  -70.87656    11.8610   3.936849    34.4889     56.917     56.472    11.9072   3.939302    34.4700    87.3372     0.2171      71.82 1.0000e-12     5.2129    226.862     4.9821  4.9224475 1.7005e+00          1         31 0.0000e+00
   40.22229  -70.87654    11.8909   3.936010    34.4533     56.247     55.808    11.8749   3.936234    34.4703    87.2998     0.3361      74.25 1.0000e-12     5.2568    228.780     5.0963  3.8095135 1.7005e+00          1         68 0.0000e+00
   40.22224  -70.87644    12.4639   3.997426    34.5195     55.219     54.787    12.3668   3.987367    34.5118    86.7005     0.6657      73.95 1.0000e-12     5.4155    235.697     5.2247  3.0350699 1.7005e+00          1        146 0.0000e+00
