en655/en655_003_1db.cnv
* Sea-Bird SBE 9 Data File:
* FileName = D:\ctd\raw\EN655_003.hex
* Software Version Seasave V 7.26.7.121
* Temperature SN = 4130
* Conductivity SN = 2822
* Number of Bytes Per Scan = 40
* Number of Voltage Words = 5
* Number of Scans Averaged by the Deck Unit = 1
* NMEA Latitude = 40 51.66 N
* NMEA Longitude = 070 52.96 W
* NMEA UTC (Time) = Jul 25 2020  21:37:37
* NMEA baud rate = 4800
** Ship: R/V Endeavor
** Cruise: EN655
** Principal Investigator: Heidi Sosik
** Chief Scientist: Heidi Sosik
** Project: NES-LTER transect
** Dates: 25 - 30 Jul 2020
** Narragansett to Narragansett, Rhode Island
** Station:  L3
** Bottom Depth:
** Operator:
# nquan = 22
# nvalues = 101                         
# units = specified
# name 0 = latitude: Latitude [deg]
# name 1 = longitude: Longitude [deg]
# name 2 = t090C: Temperature [ITS-90, deg C]
# name 3 = c0S/m: Conductivity [S/m]
# name 4 = sal00: Salinity, Practical [PSU]
# name 5 = prDM: Pressure, Digiquartz [db]
# name 6 = depSM: Depth [salt water, m]
# name 7 = t190C: Temperature, 2 [ITS-90, deg C]
# name 8 = c1S/m: Conductivity, 2 [S/m]
# name 9 = sal11: Salinity, Practical, 2 [PSU]
# name 10 = CStarTr0: Beam Transmission, WET Labs C-Star [%]
# name 11 = flECO-AFL: Fluorescence, WET Labs ECO-AFL/FL [mg/m^3]
# name 12 = altM: Altimeter [m]
# name 13 = par: PAR/Irradiance, Biospherical/Licor [umol photons/m^2/sec]
# name 14 = sbeox0ML/L: Oxygen, SBE 43 [ml/l]
# name 15 = sbox0Mm/Kg: Oxygen, SBE 43 [umol/kg]
# name 16 = sbeox1ML/L: Oxygen, SBE 43, 2 [ml/l]
# name 17 = upoly0: Upoly 0, SUNA
# name 18 = spar: SPAR, Biospherical/Licor [umol photons/m^2/sec]
# name 19 = pumps: Pump Status
# name 20 = nbin: number of scans per bin
# name 21 = flag: flag
# span 0 =   40.85476,   40.86090       
# span 1 =  -70.88262,  -70.88181       
# span 2 =     8.4038,    22.9899       
# span 3 =   3.415926,   4.700598       
# span 4 =    31.8963,    49.9881       
# span 5 =      0.944,     51.511       
# span 6 =      0.937,     51.106       
# span 7 =     8.4022,    23.0281       
# span 8 =   3.415910,   4.704464       
# span 9 =    31.8897,    32.4380       
# span 10 =     0.1761,    84.0102      
# span 11 =     0.2329,     1.9178      
# span 12 =       3.30,      54.03      
# span 13 = 2.1047e-01, 1.5246e+03      
# span 14 =     5.1997,    10.4460      
# span 15 =    226.512,    329.399      
# span 16 =     5.1538,     7.4606      
# span 17 = -0.6484858,  0.0437885      
# span 18 = 1.8478e+03, 2.1185e+03      
# span 19 =          1,          1      
# span 20 =          1,       3753      
# span 21 = 0.0000e+00, 0.0000e+00      
# interval = decibars: 1                
# start_time = Jul 25 2020 21:37:37 [NMEA time, header]
# bad_flag = -9.990e-29
*END*
   40.86090  -70.88262    22.8735   4.687540    31.9370      2.714      2.693    22.7418   4.675673    31.9419    80.5578     0.2515      52.87 1.1126e+03     5.4469    238.106     5.3126 -0.1112310 2.1030e+03          1       1528 0.0000e+00
   40.86072  -70.88254    22.9899   4.700598    31.9519      3.911      3.880    23.0281   4.704464    31.9536    80.5776     0.2589      51.70 7.0457e+02     5.4133    236.640     5.2696  0.0172132 2.1019e+03          1        117 0.0000e+00
   40.86070  -70.88254    22.7997   4.683156    31.9569      4.977      4.938    22.8454   4.688028    31.9609    80.7661     0.2507      50.91 5.6982e+02     5.4355    237.596     5.3031 -0.3628850 2.0923e+03          1         82 0.0000e+00
   40.86069  -70.88254    20.2879   4.459422    32.0694      6.008      5.961    20.4059   4.476038    32.1133    79.7850     0.2960      50.62 4.5524e+02     5.5922    244.264     5.4421  0.0159443 2.0990e+03          1         43 0.0000e+00
   40.86068  -70.88252    17.5967   4.215240    32.1339      7.037      6.982    17.6742   4.225793    32.1622    77.9312     0.4637      49.25 3.8628e+02     5.9266    258.685     5.7160  0.0148216 2.1024e+03          1         62 0.0000e+00
   40.86068  -70.88252    16.1788   4.088318    32.1713      7.936      7.874    16.1817   4.090455    32.1877    78.2950     0.5241      48.74 3.3195e+02     6.5252    284.714     6.2480  0.0240794 2.0885e+03          1         53 0.0000e+00
   40.86066  -70.88250    14.8354   3.975637    32.2661      9.028      8.958    14.8826   3.981766    32.2824    79.9721     0.5322      48.20 2.6040e+02     6.8123    297.137     6.5754  0.0255823 2.0899e+03          1         51 0.0000e+00
   40.86064  -70.88250    13.9721   3.904289    32.3344     10.002      9.924    13.9933   3.906595    32.3378    80.9415     0.5303      47.16 2.1594e+02     6.9093    301.299     6.6843 -0.6468810 2.0955e+03          1         47 0.0000e+00
   40.86063  -70.88250    13.3341   3.849744    32.3662     11.029     10.943    13.3578   3.853569    32.3819    81.3966     0.5703      46.52 1.7805e+02     7.1413    311.367     6.9495  0.0217973 2.0916e+03          1         50 0.0000e+00
   40.86061  -70.88249    12.7459   3.797528    32.3760     11.977     11.884    12.7747   3.801606    32.3899    81.7667     0.6315      45.38 1.5077e+02     7.2162    314.595     6.9896  0.0230190 2.0882e+03          1         50 0.0000e+00
   40.86060  -70.88248    12.2453   3.750711    32.3597     12.967     12.866    12.2608   3.753736    32.3754    81.0872     0.7810      44.84 1.2218e+02     7.3657    321.086     7.2465  0.0272079 2.0847e+03          1         42 0.0000e+00
   40.86058  -70.88246    11.7912   3.706477    32.3261     14.007     13.898    11.8075   3.709549    32.3417    81.2386     0.8174      44.09 1.0418e+02     7.4053    322.797     7.1309  0.0202834 2.0861e+03          1         46 0.0000e+00
   40.86058  -70.88246    11.6011   3.690056    32.3316     15.009     14.892    11.6081   3.691105    32.3358    82.0437     0.7191      42.25 8.9004e+01     6.9669    303.673     6.6880 -0.1153827 2.0777e+03          1         53 0.0000e+00
   40.86057  -70.88246    11.3866   3.670314    32.3258     15.977     15.853    11.3970   3.672393    32.3370    82.3617     0.6877      41.58 7.5783e+01     6.8771    299.751     6.7923 -0.5586967 2.0694e+03          1         43 0.0000e+00
   40.86056  -70.88246    11.2441   3.657229    32.3217     16.991     16.859    11.2456   3.657770    32.3257    82.4931     0.7069      40.50 6.4716e+01     6.9691    303.752     6.8526  0.0054820 2.0808e+03          1         48 0.0000e+00
   40.86055  -70.88246    11.2034   3.657563    32.3604     17.976     17.836    11.2075   3.658493    32.3660    82.7905     0.7169      39.39 5.4352e+01     6.9207    301.631     6.8229  0.0016918 2.0889e+03          1         46 0.0000e+00
   40.86054  -70.88246    11.0989   3.648462    32.3622     18.985     18.837    11.1087   3.650262    32.3713    82.8936     0.7278      38.36 4.6829e+01     7.3136    318.752     7.3347  0.0023275 2.0836e+03          1         47 0.0000e+00
   40.86054  -70.88246    10.8507   3.625461    32.3531     20.024     19.868    10.8609   3.627609    32.3653    82.8544     0.8160      37.48 3.9489e+01     7.5582    329.399     7.4606  0.0067103 2.0706e+03          1         43 0.0000e+00
   40.86054  -70.88246    10.6603   3.607130    32.3387     21.015     20.852    10.6769   3.609570    32.3484    82.7229     0.8942      35.99 3.4129e+01     7.4098    322.925     7.2402 -0.1351955 2.0701e+03          1         50 0.0000e+00
   40.86053  -70.88246    10.4160   3.584753    32.3314     21.978     21.807    10.4379   3.587884    32.3433    82.3837     1.0288      35.01 2.9952e+01     7.1873    313.216     7.0464 -0.4883156 2.0613e+03          1         47 0.0000e+00
   40.86052  -70.88246    10.1997   3.564836    32.3234     22.934     22.755    10.2074   3.566391    32.3322    81.0244     1.2817      34.42 2.5737e+01     7.0543    307.412     6.9191  0.0010278 2.0611e+03          1         38 0.0000e+00
   40.86050  -70.88244    10.0672   3.553223    32.3240     24.015     23.828    10.0742   3.554407    32.3297    80.5673     1.4908      32.94 2.1659e+01     6.9051    300.905     6.7775  0.0004045 2.0949e+03          1         49 0.0000e+00
   40.86050  -70.88244     9.9603   3.545536    32.3414     24.991     24.796     9.9664   3.546380    32.3445    80.3395     1.7321      31.75 1.8313e+01     6.7121    292.487     6.5774 -0.0053354 2.0819e+03          1         48 0.0000e+00
   40.86048  -70.88244     9.9032   3.542397    32.3603     26.002     25.799     9.9079   3.543371    32.3660    80.4866     1.9178      31.11 1.4822e+01     6.6259    288.721     6.5613 -0.0056768 2.0656e+03          1         41 0.0000e+00
   40.86047  -70.88243     9.8410   3.539528    32.3866     27.014     26.803     9.8481   3.540465    32.3897    81.5295     1.6616      29.57 1.2313e+01     6.7144    292.567     6.6988 -0.2184318 2.0615e+03          1         54 0.0000e+00
   40.86046  -70.88242     9.7887   3.536828    32.4057     27.933     27.715     9.7887   3.537027    32.4078    82.4626     1.4197      28.54 1.0359e+01     6.9181    301.436     6.9057 -0.4211491 2.0619e+03          1         45 0.0000e+00
   40.86046  -70.88242     9.6928   3.529730    32.4192     29.017     28.791     9.6995   3.531082    32.4271    82.9100     1.2584      28.26 8.2794e+00     6.9695    303.668     6.9140 -0.0118325 2.0589e+03          1         38 0.0000e+00
   40.86044  -70.88242     9.5002   3.512198    32.4134     30.005     29.770     9.5303   3.515553    32.4206    83.3536     1.1904      26.19 7.0515e+00     6.8370    297.890     6.7092 -0.0104259 2.0764e+03          1         56 0.0000e+00
   40.86044  -70.88241     9.2877   3.492913    32.4072     30.986     30.744     9.3072   3.495827    32.4196    83.7906     1.1979      25.37 5.9788e+00     6.6904    291.494     6.6130 -0.0155718 2.0642e+03          1         46 0.0000e+00
   40.86042  -70.88240     9.0611   3.471526    32.3917     32.005     31.754     9.0787   3.473855    32.3998    83.9413     1.0413      24.43 4.9719e+00     6.5612    285.857     6.4619 -0.0228757 2.0556e+03          1         46 0.0000e+00
   40.86042  -70.88240     8.6890   3.440668    32.4097     32.973     32.715     8.7231   3.444585    32.4194    84.0102     0.8445      23.15 4.1927e+00     6.2676    273.048     6.1263 -0.3161031 2.0545e+03          1         47 0.0000e+00
   40.86041  -70.88240     8.4331   3.420446    32.4321     33.990     33.724     8.4385   3.421476    32.4380    83.9294     0.4208      22.16 3.5810e+00     5.8164    253.378     5.6114 -0.4093154 2.0446e+03          1         46 0.0000e+00
   40.86040  -70.88240     8.4096   3.418214    32.4298     34.979     34.705     8.4078   3.418313    32.4325    83.3036     0.2678      21.10 3.1114e+00     5.3033    231.024     5.1538 -0.0295155 2.0486e+03          1         43 0.0000e+00
   40.86040  -70.88240     8.4090   3.417949    32.4270     36.006     35.724     8.4076   3.418164    32.4306    83.1897     0.2756      20.06 2.7158e+00     5.1997    226.512     5.1930 -0.0295155 2.0599e+03          1         49 0.0000e+00
   40.86040  -70.88239     8.4090   3.417789    32.4249     36.970     36.681     8.4073   3.417983    32.4286    83.0773     0.2557      18.89 2.3605e+00     5.2407    228.299     5.2667 -0.0295155 2.0471e+03          1         46 0.0000e+00
   40.86040  -70.88240     8.4096   3.417803    32.4241     37.993     37.696     8.4074   3.417922    32.4273    83.0358     0.2563      18.20 2.0151e+00     5.2552    228.930     5.2683 -0.0295155 2.0408e+03          1         40 0.0000e+00
   40.86039  -70.88239     8.4101   3.417712    32.4222     38.991     38.685     8.4103   3.418058    32.4256    82.9850     0.2622      16.65 1.7563e+00     5.2679    229.486     5.2746 -0.5191488 2.0384e+03          1         65 0.0000e+00
   40.86038  -70.88238     8.4103   3.417720    32.4216     39.972     39.659     8.4082   3.417841    32.4249    82.7452     0.2584      15.82 1.5036e+00     5.2727    229.693     5.2600 -0.0185512 2.0358e+03          1         39 0.0000e+00
   40.86038  -70.88238     8.4108   3.417811    32.4216     41.014     40.692     8.4088   3.417951    32.4250    82.3737     0.2448      14.98 1.2755e+00     5.2589    229.094     5.2624 -0.0303193 2.0377e+03          1         38 0.0000e+00
   40.86036  -70.88237     8.4118   3.417897    32.4212     42.000     41.671     8.4103   3.418067    32.4244    81.7116     0.2537      13.48 1.1028e+00     5.2627    229.258     5.2797 -0.0306262 2.0440e+03          1         55 0.0000e+00
   40.86034  -70.88236     8.4119   3.417855    32.4202     42.979     42.641     8.4105   3.418033    32.4234    82.1703     0.2784      12.54 9.3863e-01     5.2637    229.300     5.2646 -0.0301029 2.0358e+03          1         52 0.0000e+00
   40.86033  -70.88235     8.4124   3.417890    32.4197     43.987     43.641     8.4104   3.418021    32.4229    80.8211     0.2522      11.63 7.8305e-01     5.2629    229.267     5.2691 -0.0295155 2.0354e+03          1         41 0.0000e+00
   40.86034  -70.88236     8.4125   3.417901    32.4193     45.024     44.670     8.4106   3.418020    32.4223    77.9442     0.2665      10.46 6.5401e-01     5.2609    229.181     5.2713 -0.5535036 2.0301e+03          1         45 0.0000e+00
   40.86034  -70.88236     8.4127   3.417902    32.4186     45.970     45.609     8.4120   3.418125    32.4216    81.7212     0.2398       9.28 5.5970e-01     5.2575    229.032     5.2717 -0.1313267 2.0379e+03          1         57 0.0000e+00
   40.86032  -70.88235     8.4128   3.417928    32.4183     46.992     46.623     8.4108   3.418022    32.4212    64.0268     0.2459       8.54 4.6743e-01     5.2529    228.829     5.2721 -0.0295155 2.0347e+03          1         39 0.0000e+00
   40.86030  -70.88234     8.4128   3.417933    32.4179     48.044     47.666     8.4114   3.418082    32.4208     0.1761     0.2361       7.25 3.7815e-01     5.2536    228.861     5.2717 -0.0295155 2.0402e+03          1         55 0.0000e+00
   40.86028  -70.88233     8.4130   3.417946    32.4175     48.987     48.603     8.4124   3.418165    32.4203    36.2919     0.2329       6.19 3.2321e-01     5.2483    228.631     5.2678 -0.0295155 2.0376e+03          1         61 0.0000e+00
   40.86026  -70.88231     8.4123   3.417879    32.4169     49.980     49.587     8.4135   3.418239    32.4197    53.6575     0.2958       5.04 2.7334e-01     5.2491    228.663     5.2686 -0.3594473 2.0359e+03          1         96 0.0000e+00
   40.86021  -70.88229     8.4121   3.417836    32.4162     51.169     50.767     8.4148   3.418326    32.4188    27.1612     0.2814       3.67 2.1712e-01     5.2434    228.418     5.2592 -0.0295155 2.0425e+03          1        211 0.0000e+00
   40.86016  -70.88226     8.4100   3.417660    32.4161     51.511     51.106     8.4130   3.418170    32.4187     0.3223     0.2832       3.30 2.1047e-01     5.2457    228.516     5.2659 -0.0295155 2.0440e+03          1          1 0.0000e+00
   40.85988  -70.88216     8.4099   3.417495    32.4146     51.138     50.736     8.4099   3.417722    32.4170    62.4907     0.2804       3.72 2.1230e-01     5.2343    228.021     5.2371 -0.1519736 2.0856e+03          1       2038 0.0000e+00
   40.85957  -70.88204     8.4102   3.417427    32.4141     50.058     49.665     8.4089   3.417528    32.4163    79.2575     0.2635       4.39 2.5862e-01     5.2233    227.544     5.2199 -0.0288442 2.1159e+03          1         91 0.0000e+00
   40.85955  -70.88204     8.4112   3.417464    32.4140     49.073     48.688     8.4106   3.417621    32.4162    79.9373     0.2879       5.35 3.1597e-01     5.2294    227.808     5.2191 -0.0282938 2.1146e+03          1         75 0.0000e+00
   40.85953  -70.88204     8.4115   3.417447    32.4140     47.986     47.609     8.4099   3.417513    32.4162    81.1236     0.2747       6.48 3.8642e-01     5.2305    227.857     5.2141 -0.4214885 2.1173e+03          1         78 0.0000e+00
   40.85951  -70.88202     8.4112   3.417375    32.4140     47.029     46.660     8.4096   3.417447    32.4162    81.3562     0.3083       7.39 4.5761e-01     5.2281    227.752     5.2116 -0.0295155 2.1176e+03          1         59 0.0000e+00
   40.85949  -70.88202     8.4112   3.417326    32.4140     46.004     45.643     8.4097   3.417395    32.4161    81.3691     0.2852       8.41 5.5014e-01     5.2319    227.918     5.2053 -0.0289281 2.1162e+03          1         52 0.0000e+00
   40.85948  -70.88202     8.4115   3.417306    32.4139     44.996     44.643     8.4101   3.417389    32.4161    81.3120     0.2641       9.51 6.5816e-01     5.2377    228.171     5.2058 -0.0287423 2.1172e+03          1         79 0.0000e+00
   40.85947  -70.88202     8.4119   3.417298    32.4139     44.019     43.673     8.4104   3.417378    32.4161    78.2427     0.2736      10.53 7.7769e-01     5.2385    228.204     5.2100 -0.4683752 2.1172e+03          1         57 0.0000e+00
   40.85945  -70.88202     8.4121   3.417271    32.4139     42.963     42.626     8.4107   3.417347    32.4160    78.0763     0.2674      11.75 9.2181e-01     5.2387    228.212     5.2118 -0.1169165 2.1185e+03          1         65 0.0000e+00
   40.85944  -70.88202     8.4118   3.417179    32.4136     41.943     41.614     8.4105   3.417274    32.4158    78.8061     0.2802      12.81 1.0764e+00     5.2392    228.235     5.2009 -0.0295155 2.1175e+03          1         81 0.0000e+00
   40.85941  -70.88201     8.4110   3.417055    32.4135     41.022     40.700     8.4096   3.417132    32.4156    79.7787     0.2904      13.75 1.2507e+00     5.2369    228.134     5.2116 -0.2008562 2.1174e+03          1        123 0.0000e+00
   40.85873  -70.88188     8.4074   3.416640    32.4128     40.313     39.997     8.4062   3.416707    32.4146    79.6909     0.2913      14.34 1.3329e+00     5.2277    227.734     5.1863 -0.1010742 2.0975e+03          1        490 0.0000e+00
   40.85858  -70.88186     8.4059   3.416439    32.4126     39.091     38.785     8.4044   3.416462    32.4142    82.7374     0.2899      15.26 1.5698e+00     5.2213    227.454     5.1814 -0.0194864 2.0864e+03          1         67 0.0000e+00
   40.85855  -70.88186     8.4061   3.416420    32.4127     38.040     37.742     8.4043   3.416405    32.4142    82.7515     0.2928      16.45 1.8446e+00     5.2290    227.792     5.1792 -0.4392036 2.0922e+03          1         75 0.0000e+00
   40.85854  -70.88184     8.4058   3.416338    32.4125     36.983     36.693     8.4041   3.416294    32.4137    82.7663     0.2931      17.57 2.0994e+00     5.2289    227.788     5.1785 -0.0189642 2.0860e+03          1         55 0.0000e+00
