en655/en655_001_1db.cnv
* Sea-Bird SBE 9 Data File:
* FileName = D:\ctd\raw\EN655_001.hex
* Software Version Seasave V 7.26.7.121
* Temperature SN = 4130
* Conductivity SN = 2822
* Number of Bytes Per Scan = 40
* Number of Voltage Words = 5
* Number of Scans Averaged by the Deck Unit = 1
* NMEA Latitude = 41 12.18 N
* NMEA Longitude = 070 52.81 W
* NMEA UTC (Time) = Jul 25 2020  15:45:46
* NMEA baud rate = 4800
** Ship: R/V Endeavor
** Cruise: EN655
** Principal Investigator: Heidi Sosik
** Chief Scientist: Heidi Sosik
** Project: NES-LTER transect
** Dates: 25 - 30 Jul 2020
** Narragansett to Narragansett, Rhode Island
** Station:  L1
** Bottom Depth:
** Operator:
# nquan = 22
# nvalues = 32                          
# units = specified
# name 0 = latitude: Latitude [deg]
# name 1 = longitude: Longitude [deg]
# name 2 = t090C: Temperature [ITS-90, deg C]
# name 3 = c0S/m: Conductivity [S/m]
# name 4 = sal00: Salinity, Practical [PSU]
# name 5 = prDM: Pressure, Digiquartz [db]
# name 6 = depSM: Depth [salt water, m]
# name 7 = t190C: Temperature, 2 [ITS-90, deg C]
# name 8 = c1S/m: Conductivity, 2 [S/m]
# name 9 = sal11: Salinity, Practical, 2 [PSU]
# name 10 = CStarTr0: Beam Transmission, WET Labs C-Star [%]
# name 11 = flECO-AFL: Fluorescence, WET Labs ECO-AFL/FL [mg/m^3]
# name 12 = altM: Altimeter [m]
# name 13 = par: PAR/Irradiance, Biospherical/Licor [umol photons/m^2/sec]
# name 14 = sbeox0ML/L: Oxygen, SBE 43 [ml/l]
# name 15 = sbox0Mm/Kg: Oxygen, SBE 43 [umol/kg]
# name 16 = sbeox1ML/L: Oxygen, SBE 43, 2 [ml/l]
# name 17 = upoly0: Upoly 0, SUNA
# name 18 = spar: SPAR, Biospherical/Licor [umol photons/m^2/sec]
# name 19 = pumps: Pump Status
# name 20 = nbin: number of scans per bin
# name 21 = flag: flag
# span 0 =   41.20234,   41.20330       
# span 1 =  -70.88044,  -70.88024       
# span 2 =    14.5155,    22.2550       
# span 3 =   3.926895,   4.623779       
# span 4 =    31.8999,    32.0860       
# span 5 =      2.295,     18.683       
# span 6 =      2.277,     18.537       
# span 7 =    14.5139,    22.2763       
# span 8 =   3.927193,   4.625875       
# span 9 =    31.9005,    32.0904       
# span 10 =    68.7218,    80.1787      
# span 11 =     0.1873,     1.9567      
# span 12 =       3.50,      19.81      
# span 13 = 5.9489e+01, 1.6011e+03      
# span 14 =     5.4421,     6.3034      
# span 15 =    237.859,    275.155      
# span 16 =     5.2761,     6.2221      
# span 17 = -1.0570962,  0.0112089      
# span 18 = 2.3668e+03, 2.3995e+03      
# span 19 =          1,          1      
# span 20 =        133,       2615      
# span 21 = 0.0000e+00, 0.0000e+00      
# interval = decibars: 1                
# start_time = Jul 25 2020 15:45:46 [NMEA time, header]
# bad_flag = -9.990e-29
*END*
   41.20327  -70.88037    20.4290   4.459813    31.9670      4.910      4.872    20.4951   4.466925    31.9741    79.5741     0.2471      17.45 1.1221e+03     5.6652    247.481     5.5127 -1.0570962 2.3984e+03          1        143 0.0000e+00
   41.20328  -70.88040    19.3394   4.359710    31.9844      5.957      5.910    19.3075   4.357776    31.9929    78.7257     0.3859      16.10 9.3012e+02     5.8928    257.346     5.7525 -0.8913380 2.3967e+03          1        171 0.0000e+00
   41.20330  -70.88040    18.2698   4.263912    32.0168      6.936      6.882    18.5070   4.286102    32.0177    77.9651     0.5469      14.97 7.5899e+02     6.0629    264.701     5.8886 -0.0184924 2.3989e+03          1        133 0.0000e+00
   41.20330  -70.88040    17.7583   4.217159    32.0233      7.923      7.861    17.8745   4.228543    32.0284    77.4344     0.6509      14.24 6.3156e+02     6.2279    271.869     6.0640 -0.1592826 2.3995e+03          1        181 0.0000e+00
   41.20330  -70.88040    16.1814   4.077886    32.0765      8.986      8.916    16.5793   4.113525    32.0678    77.0047     0.9556      13.38 5.3020e+02     6.3025    275.018     6.1393  0.0112089 2.3977e+03          1        141 0.0000e+00
   41.20330  -70.88040    15.1547   3.984456    32.0824      9.995      9.917    15.2419   3.992852    32.0862    76.4203     1.2721      12.31 4.5067e+02     6.2267    271.649     6.0633 -0.1946043 2.3958e+03          1        158 0.0000e+00
   41.20330  -70.88040    14.9971   3.969866    32.0801     10.927     10.842    15.0352   3.973959    32.0857    75.6122     1.4734      11.31 3.5771e+02     6.2172    271.226     6.1022  0.0016966 2.3946e+03          1        137 0.0000e+00
   41.20330  -70.88040    14.7400   3.947139    32.0860     11.998     11.904    14.7750   3.950707    32.0895    68.7218     1.6110      10.33 2.7270e+02     6.1755    269.391     6.0632 -0.1838398 2.3929e+03          1        171 0.0000e+00
   41.20330  -70.88040    14.6690   3.940613    32.0849     13.028     12.926    14.6715   3.941427    32.0904    74.4300     1.8296       9.14 2.1902e+02     6.1631    268.845     6.0582 -0.0024806 2.3953e+03          1        148 0.0000e+00
   41.20330  -70.88040    14.6508   3.938855    32.0837     13.990     13.881    14.6606   3.940198    32.0878    76.8740     1.8784       8.24 1.7847e+02     6.1647    268.917     6.0605 -0.1964721 2.3972e+03          1        148 0.0000e+00
   41.20330  -70.88040    14.5959   3.934119    32.0856     14.945     14.828    14.6019   3.935102    32.0896    76.2084     1.9493       7.34 1.4534e+02     6.1541    268.448     6.0615 -0.1740327 2.3978e+03          1        149 0.0000e+00
   41.20330  -70.88041    14.5687   3.931723    32.0860     15.904     15.779    14.5708   3.932395    32.0904    76.7851     1.9181       6.31 1.1672e+02     6.1492    268.234     6.0502 -0.0374184 2.3977e+03          1        143 0.0000e+00
   41.20329  -70.88042    14.5696   3.931701    32.0846     16.976     16.843    14.5684   3.932069    32.0890    74.7424     1.9004       5.24 9.2057e+01     6.1481    268.186     6.0508 -0.1752089 2.3972e+03          1        187 0.0000e+00
   41.20328  -70.88042    14.5374   3.928965    32.0859     18.060     17.918    14.5404   3.929668    32.0899    75.0794     1.8945       3.92 7.2422e+01     6.1381    267.749     6.0456 -0.0044590 2.3976e+03          1        167 0.0000e+00
   41.20328  -70.88041    14.5346   3.928669    32.0854     18.683     18.537    14.5350   3.929137    32.0893    74.6286     1.8874       3.50 6.2627e+01     6.1314    267.457     6.0499 -0.1557215 2.3972e+03          1        409 0.0000e+00
   41.20305  -70.88034    14.5155   3.926895    32.0851     18.318     18.174    14.5139   3.927193    32.0892    76.7677     1.9074       3.99 5.9489e+01     6.1291    267.355     6.0290 -0.1267403 2.3964e+03          1       2615 0.0000e+00
   41.20285  -70.88028    14.5312   3.928154    32.0841     16.989     16.856    14.5286   3.928350    32.0880    76.8952     1.9095       5.35 6.5413e+01     6.1358    267.648     6.0355 -0.2314532 2.3959e+03          1        139 0.0000e+00
   41.20281  -70.88028    14.5274   3.927791    32.0843     16.042     15.917    14.5273   3.928183    32.0880    76.9373     1.9567       6.34 7.7462e+01     6.1352    267.624     6.0141 -0.0028670 2.3956e+03          1        149 0.0000e+00
   41.20279  -70.88028    14.5547   3.929772    32.0801     15.074     14.957    14.5393   3.929118    32.0869    76.9447     1.9016       7.30 9.2578e+01     6.1327    267.515     6.0351 -0.1952132 2.3957e+03          1        160 0.0000e+00
   41.20275  -70.88026    14.6052   3.934107    32.0782     14.121     14.011    14.5788   3.932397    32.0845    76.9224     1.7954       8.39 1.1068e+02     6.1522    268.370     6.0314 -0.0013835 2.3953e+03          1        152 0.0000e+00
   41.20271  -70.88026    14.6553   3.938360    32.0758     13.085     12.983    14.6409   3.937508    32.0800    76.9211     1.6513       9.44 1.3185e+02     6.1597    268.699     6.0448 -0.1305631 2.3942e+03          1        240 0.0000e+00
   41.20258  -70.88024    14.8053   3.950860    32.0657     12.328     12.231    14.7974   3.950580    32.0697    76.7683     1.4916      10.21 1.8174e+02     6.1936    270.188     6.0692 -0.0749795 2.3935e+03          1        522 0.0000e+00
   41.20242  -70.88026    15.5877   4.019061    32.0368     11.014     10.928    15.4349   4.005451    32.0401    77.0145     1.1438      11.40 3.0584e+02     6.2438    272.430     6.1142 -0.1428118 2.3961e+03          1        203 0.0000e+00
   41.20241  -70.88026    17.3958   4.177979    31.9746      9.963      9.885    16.9697   4.142637    32.0088    77.4442     0.8001      12.41 3.6051e+02     6.3034    275.155     6.2221 -0.1842203 2.3924e+03          1        169 0.0000e+00
   41.20240  -70.88026    18.7564   4.298955    31.9308      9.032      8.961    18.2791   4.258833    31.9663    78.1002     0.5934      13.34 4.3023e+02     6.1048    266.580     6.0513  0.0053911 2.3875e+03          1        175 0.0000e+00
   41.20238  -70.88026    18.6790   4.295542    31.9625      8.084      8.021    18.8667   4.313789    31.9692    74.4425     0.4629      14.31 5.3227e+02     6.0255    263.107     5.8832 -0.1835125 2.3820e+03          1        167 0.0000e+00
   41.20236  -70.88029    19.5610   4.378491    31.9680      7.334      7.277    19.5659   4.379147    31.9696    71.4932     0.3989      15.11 6.2855e+02     5.9038    257.844     5.7604 -0.0922430 2.3810e+03          1       1787 0.0000e+00
   41.20234  -70.88032    20.3023   4.447741    31.9658      6.103      6.055    20.2752   4.445726    31.9700    78.9726     0.3387      16.20 7.9872e+02     5.7792    252.453     5.6420 -0.1554162 2.3725e+03          1        295 0.0000e+00
   41.20236  -70.88033    20.8349   4.496498    31.9546      5.102      5.063    20.7538   4.489282    31.9581    79.3311     0.2550      17.14 9.2117e+02     5.6995    249.008     5.5591 -0.0768695 2.3668e+03          1        258 0.0000e+00
   41.20236  -70.88034    21.6878   4.572860    31.9217      3.973      3.942    21.6793   4.572644    31.9263    80.0585     0.2209      18.27 1.1737e+03     5.5286    241.598     5.3980 -0.0980487 2.3789e+03          1        242 0.0000e+00
   41.20237  -70.88036    21.7489   4.578457    31.9205      3.050      3.026    21.7425   4.578655    31.9268    80.1787     0.2079      19.14 1.4011e+03     5.5180    241.141     5.3444  0.0080131 2.3813e+03          1        223 0.0000e+00
   41.20243  -70.88044    22.2550   4.623779    31.8999      2.295      2.277    22.2763   4.625875    31.9005    80.1712     0.1873      19.81 1.6011e+03     5.4421    237.859     5.2761 -0.0920292 2.3791e+03          1       2119 0.0000e+00
