en655/en655_004_1db.cnv
* Sea-Bird SBE 9 Data File:
* FileName = D:\ctd\raw\EN655_004.hex
* Software Version Seasave V 7.26.7.121
* Temperature SN = 4130
* Conductivity SN = 2822
* Number of Bytes Per Scan = 40
* Number of Voltage Words = 5
* Number of Scans Averaged by the Deck Unit = 1
* NMEA Latitude = 41 04.09 N
* NMEA Longitude = 070 46.24 W
* NMEA UTC (Time) = Jul 26 2020  02:01:42
* NMEA baud rate = 4800
** Ship: R/V Endeavor
** Cruise: EN655
** Principal Investigator: Heidi Sosik
** Chief Scientist: Heidi Sosik
** Project: NES-LTER transect
** Dates: 25 - 30 Jul 2020
** Narragansett to Narragansett, Rhode Island
** Station:  u2a
** Bottom Depth: 46
** Operator:  JEO
# nquan = 22
# nvalues = 87                          
# units = specified
# name 0 = latitude: Latitude [deg]
# name 1 = longitude: Longitude [deg]
# name 2 = t090C: Temperature [ITS-90, deg C]
# name 3 = c0S/m: Conductivity [S/m]
# name 4 = sal00: Salinity, Practical [PSU]
# name 5 = prDM: Pressure, Digiquartz [db]
# name 6 = depSM: Depth [salt water, m]
# name 7 = t190C: Temperature, 2 [ITS-90, deg C]
# name 8 = c1S/m: Conductivity, 2 [S/m]
# name 9 = sal11: Salinity, Practical, 2 [PSU]
# name 10 = CStarTr0: Beam Transmission, WET Labs C-Star [%]
# name 11 = flECO-AFL: Fluorescence, WET Labs ECO-AFL/FL [mg/m^3]
# name 12 = altM: Altimeter [m]
# name 13 = par: PAR/Irradiance, Biospherical/Licor [umol photons/m^2/sec]
# name 14 = sbeox0ML/L: Oxygen, SBE 43 [ml/l]
# name 15 = sbox0Mm/Kg: Oxygen, SBE 43 [umol/kg]
# name 16 = sbeox1ML/L: Oxygen, SBE 43, 2 [ml/l]
# name 17 = upoly0: Upoly 0, SUNA
# name 18 = spar: SPAR, Biospherical/Licor [umol photons/m^2/sec]
# name 19 = pumps: Pump Status
# name 20 = nbin: number of scans per bin
# name 21 = flag: flag
# span 0 =   41.06770,   41.06816       
# span 1 =  -70.77077,  -70.76999       
# span 2 =     9.8120,    23.0475       
# span 3 =   3.536418,   4.705106       
# span 4 =    31.9222,    87.6552       
# span 5 =      1.852,     44.697       
# span 6 =      1.837,     44.345       
# span 7 =     9.8121,    23.0398       
# span 8 =   3.536589,   4.704189       
# span 9 =    31.9261,    32.3917       
# span 10 =    73.6521,    81.7343      
# span 11 =     0.3361,     5.2472      
# span 12 =       1.02,      43.54      
# span 13 = 1.0000e-12, 7.7917e+00      
# span 14 =    -4.5942,     7.2859      
# span 15 =     34.076,    317.588      
# span 16 =     5.1902,     7.1132      
# span 17 = -0.6741409,  0.0579495      
# span 18 = 1.7005e+00, 1.7005e+00      
# span 19 =          1,          1      
# span 20 =         31,       2641      
# span 21 = 0.0000e+00, 0.0000e+00      
# interval = decibars: 1                
# start_time = Jul 26 2020 02:01:42 [NMEA time, header]
# bad_flag = -9.990e-29
*END*
   41.06816  -70.77077    22.9806   4.698821    31.9458      1.852      1.837    22.9344   4.694558    31.9469    80.1696     0.3468      40.46 7.7917e+00     5.3707    234.777     5.2077 -0.0823364 1.7005e+00          1        994 0.0000e+00
   41.06814  -70.77076    23.0475   4.705106    31.9447      2.945      2.922    23.0398   4.704189    31.9432    81.7343     0.3361      43.54 2.1884e+00     5.3701    234.755     5.1902  0.0440889 1.7005e+00          1         61 0.0000e+00
   41.06814  -70.77075    22.6590   4.670685    31.9644      4.040      4.008    22.7918   4.683211    31.9633    81.3393     0.3591      42.42 1.3792e+00     5.3988    235.984     5.2136  0.0416069 1.7005e+00          1         70 0.0000e+00
   41.06814  -70.77074    20.6149   4.487278    32.0425      4.922      4.884    20.8009   4.508331    32.0701    78.4319     0.5246      41.70 1.2071e+00     5.6665    247.534     5.4446 -0.5561054 1.7005e+00          1         54 0.0000e+00
   41.06814  -70.77072    17.2932   4.179987    32.0731      5.934      5.888    17.2016   4.178101    32.1299    76.0036     0.8079      40.82 8.3151e-01     6.0904    265.823     5.8293  0.0417523 1.7005e+00          1         75 0.0000e+00
   41.06814  -70.77072    15.4398   4.011576    32.0930      6.975      6.921    15.4250   4.010157    32.0924    76.7978     0.7134      40.04 4.9805e-01     6.5469    285.635     6.2937  0.0506608 1.7005e+00          1         64 0.0000e+00
   41.06814  -70.77072    14.9880   3.968399    32.0755      8.080      8.017    14.9821   3.967561    32.0728    76.8735     0.6959      39.19 3.2447e-01     6.7787    295.724     6.5195  0.0490245 1.7005e+00          1         56 0.0000e+00
   41.06814  -70.77072    14.7999   3.950846    32.0713      8.905      8.835    14.9221   3.961541    32.0674    76.8021     0.7538      38.27 2.5351e-01     6.7324    293.692     6.5538 -0.3954998 1.7005e+00          1         57 0.0000e+00
   41.06814  -70.77072    14.4502   3.923363    32.1102     10.096     10.018    14.4415   3.923971    32.1229    75.7801     0.9765      37.44 1.6173e-01     6.7203    293.135     6.5376 -0.0763486 1.7005e+00          1         60 0.0000e+00
   41.06813  -70.77070    14.3378   3.924248    32.2113     11.000     10.914    14.3366   3.924139    32.2113    76.4600     1.1962      36.25 1.1141e-01     6.7398    293.956     6.5925  0.0415672 1.7005e+00          1         55 0.0000e+00
   41.06812  -70.77070    14.1295   3.910880    32.2623     11.961     11.868    14.1412   3.912704    32.2692    76.3955     1.2310      35.14 7.0434e-02     6.8931    300.619     6.7526  0.0428835 1.7005e+00          1         54 0.0000e+00
   41.06812  -70.77070    13.7164   3.877361    32.2993     13.039     12.938    13.7469   3.880555    32.3032    77.9463     1.1389      33.93 3.4283e-02     6.9298    302.185     6.7452  0.0400554 1.7005e+00          1         72 0.0000e+00
   41.06812  -70.77070    13.0218   3.819292    32.3448     13.970     13.861    13.1160   3.829686    32.3623    80.0117     1.0434      33.44 1.2816e-02     7.0988    309.499     6.9162 -0.6741409 1.7005e+00          1         38 0.0000e+00
   41.06812  -70.77069    12.4418   3.768443    32.3593     15.006     14.889    12.4575   3.770449    32.3650    80.7510     1.1229      32.00 6.4069e-04     7.0862    308.913     6.9015 -0.0144422 1.7005e+00          1         77 0.0000e+00
   41.06812  -70.77068    11.9139   3.722348    32.3724     16.032     15.907    11.9481   3.726708    32.3848    80.2896     1.2111      31.01 1.0000e-12     7.2859    317.588     7.1132  0.0388750 1.7005e+00          1         46 0.0000e+00
   41.06812  -70.77068    11.7354   3.705236    32.3614     16.999     16.867    11.7424   3.706380    32.3665    77.5552     2.2318      29.73 1.0000e-12     6.9923    304.780     6.7670  0.0336923 1.7005e+00          1         72 0.0000e+00
   41.06812  -70.77068    11.5315   3.687448    32.3657     17.954     17.814    11.5474   3.689561    32.3724    75.0170     3.0546      28.89 1.0000e-12     6.8415    298.195     6.6744  0.0315712 1.7005e+00          1         41 0.0000e+00
   41.06812  -70.77068    11.3605   3.672680    32.3705     19.031     18.882    11.3729   3.674228    32.3748    76.5525     2.7805      27.61 1.0000e-12     6.7366    293.616     6.6109 -0.3729324 1.7005e+00          1         78 0.0000e+00
   41.06812  -70.77067    11.3042   3.667486    32.3686     19.956     19.800    11.3094   3.668420    32.3732    76.0988     2.7926      26.93 1.0000e-12     6.8504    298.572     6.7528  0.0315712 1.7005e+00          1         45 0.0000e+00
   41.06812  -70.77067    11.2533   3.662905    32.3677     21.078     20.913    11.2567   3.663685    32.3725    75.6125     3.0335      25.50 1.0000e-12     6.8669    299.290     6.7552  0.0301615 1.7005e+00          1         65 0.0000e+00
   41.06812  -70.77066    11.2270   3.660387    32.3657     21.951     21.779    11.2278   3.660786    32.3690    77.3170     2.5714      24.50 1.0000e-12     6.8557    298.799     6.7562  0.0266448 1.7005e+00          1         62 0.0000e+00
   41.06812  -70.77066    11.1885   3.656992    32.3658     22.991     22.812    11.1887   3.657342    32.3690    79.9775     1.8786      23.65 1.0000e-12     6.8408    298.150     6.7346 -0.0515351 1.7005e+00          1         43 0.0000e+00
   41.06812  -70.77066    11.1657   3.654970    32.3654     24.023     23.835    11.1688   3.655545    32.3684    80.1928     1.7582      22.24 1.0000e-12     6.8174    297.128     6.7001 -0.3694762 1.7005e+00          1         69 0.0000e+00
   41.06812  -70.77066    11.1373   3.652448    32.3652     24.941     24.746    11.1365   3.652665    32.3680    80.3645     1.8046      21.48 1.0000e-12     6.8074    296.691     6.7172  0.0218233 1.7005e+00          1         47 0.0000e+00
   41.06811  -70.77066    11.1203   3.650931    32.3647     26.063     25.860    11.1221   3.651476    32.3685    80.4405     1.8425      20.36 1.0000e-12     6.7950    296.149     6.7074  0.0229976 1.7005e+00          1         57 0.0000e+00
   41.06810  -70.77064    11.0832   3.647833    32.3665     26.945     26.734    11.0852   3.648320    32.3695    80.5336     1.7990      19.35 1.0000e-12     6.7852    295.721     6.6821  0.0188448 1.7005e+00          1         60 0.0000e+00
   41.06810  -70.77064    11.0539   3.645339    32.3671     28.046     27.827    11.0532   3.645539    32.3697    80.4705     1.7817      18.32 1.0000e-12     6.7650    294.838     6.6647 -0.3832630 1.7005e+00          1         55 0.0000e+00
   41.06810  -70.77064    11.0358   3.643804    32.3676     28.990     28.764    11.0371   3.644177    32.3701    80.6544     1.7233      17.26 1.0000e-12     6.7342    293.494     6.6500 -0.1544160 1.7005e+00          1         56 0.0000e+00
   41.06810  -70.77064    10.9894   3.639932    32.3697     30.016     29.781    10.9904   3.640291    32.3724    80.1387     1.6562      16.28 1.0000e-12     6.7222    292.968     6.6541  0.0162995 1.7005e+00          1         42 0.0000e+00
   41.06810  -70.77064    10.9607   3.637456    32.3701     31.019     30.776    10.9631   3.638001    32.3735    78.7030     2.2397      15.10 1.0000e-12     6.6703    290.705     6.5809  0.0192627 1.7005e+00          1         67 0.0000e+00
   41.06810  -70.77063    10.9307   3.634918    32.3711     31.897     31.647    10.9317   3.635264    32.3737    77.4861     3.3283      14.27 1.0000e-12     6.6110    288.118     6.5569  0.0165583 1.7005e+00          1         59 0.0000e+00
   41.06810  -70.77062    10.8631   3.632212    32.4036     33.088     32.828    10.8653   3.629780    32.3775    76.0980     4.3196      13.24 1.0000e-12     6.6312    288.987     6.5627 -0.4617327 1.7005e+00          1         53 0.0000e+00
   41.06810  -70.77062    10.8189   3.625527    32.3759     33.936     33.670    10.8219   3.626143    32.3794    77.4346     3.7138      12.27 1.0000e-12     6.5497    285.440     6.4720 -0.0470497 1.7005e+00          1         54 0.0000e+00
   41.06810  -70.77062    10.6409   3.610521    32.3838     35.039     34.764    10.6548   3.612166    32.3878    78.5060     3.4694      11.18 1.0000e-12     6.5050    283.482     6.4280  0.0089956 1.7005e+00          1         46 0.0000e+00
   41.06810  -70.77061    10.4597   3.594663    32.3858     35.991     35.709    10.4703   3.596110    32.3909    78.8198     3.0357      10.04 1.0000e-12     6.3939    278.632     6.2927  0.0067824 1.7005e+00          1         69 0.0000e+00
   41.06810  -70.77060    10.2000   3.571733    32.3865     36.982     36.691    10.2266   3.574605    32.3917    79.0099     2.6079       9.10 1.0000e-12     6.2696    273.205     6.1755  0.0062144 1.7005e+00          1         53 0.0000e+00
   41.06810  -70.77060     9.9423   3.548912    32.3861     38.009     37.711     9.9537   3.550198    32.3889    77.6647     2.1611       8.08 1.0000e-12     6.1067    266.095     6.0023 -0.5456981 1.7005e+00          1         60 0.0000e+00
   41.06810  -70.77060     9.8730   3.542515    32.3829     39.035     38.729     9.8790   3.543263    32.3851    77.0744     2.1669       7.07 1.0000e-12     5.8759    256.035     5.8035  0.0183357 1.7005e+00          1         60 0.0000e+00
   41.06810  -70.77060     9.8507   3.540355    32.3806     40.023     39.709     9.8511   3.540601    32.3827    76.5507     2.0975       6.13 1.0000e-12     5.8355    254.272     5.7926  0.0010278 1.7005e+00          1         46 0.0000e+00
   41.06808  -70.77060     9.8367   3.538994    32.3789     40.952     40.630     9.8397   3.539472    32.3811    76.2615     2.1393       5.06 1.0000e-12     5.8260    253.860     5.7794  0.0010278 1.7005e+00          1         69 0.0000e+00
   41.06808  -70.77059     9.8311   3.538394    32.3774     42.024     41.694     9.8298   3.538500    32.3796    76.0150     2.2910       4.01 1.0000e-12     5.8142    253.345     5.7851  0.0010278 1.7005e+00          1         48 0.0000e+00
   41.06808  -70.77058     9.8226   3.537616    32.3767     42.916     42.578     9.8217   3.537774    32.3791    75.7535     2.1399       3.04 1.0000e-12     5.8035    252.879     5.7845 -0.3836729 1.7005e+00          1         84 0.0000e+00
   41.06808  -70.77057     9.8134   3.536736    32.3755     44.079     43.732     9.8122   3.536827    32.3775    75.2085     2.0638       1.95 1.0000e-12     5.7968    252.588     5.7737 -0.0004095 1.7005e+00          1         85 0.0000e+00
   41.06807  -70.77055     9.8120   3.536418    32.3733     44.697     44.345     9.8121   3.536589    32.3750    75.4377     2.4892       1.02 2.9832e-06     5.7836    252.014     5.7491 -0.1125434 1.7005e+00          1        561 0.0000e+00
   41.06806  -70.77051     9.8363   3.538427    32.3722     44.011     43.664     9.8312   3.538076    32.3732    75.1254     2.5817       1.63 5.6732e-06     5.7783    251.782     5.7298  0.0005101 1.7005e+00          1        118 0.0000e+00
   41.06803  -70.77045     9.8215   3.537011    32.3714     43.254     42.914     9.8217   3.537157    32.3727    74.2362     2.6508       2.78 1.9632e-07     5.7860    252.119     5.7300 -0.1288486 1.7005e+00          1       1705 0.0000e+00
   41.06798  -70.77040     9.8363   3.538226    32.3710     41.988     41.658     9.8342   3.538186    32.3725    75.6123     2.4192       3.65 6.8085e-06     5.7879    252.201     5.7263 -0.0099878 1.7005e+00          1         61 0.0000e+00
   41.06798  -70.77040     9.8400   3.538525    32.3711     41.013     40.691     9.8382   3.538515    32.3726    75.6945     2.7707       4.60 1.0000e-12     5.7885    252.228     5.7249  0.0016918 1.7005e+00          1         46 0.0000e+00
   41.06798  -70.77040     9.8422   3.538668    32.3711     39.997     39.683     9.8444   3.539008    32.3726    75.8909     2.3195       5.55 1.0000e-12     5.7881    252.209     5.7219  0.0010278 1.7005e+00          1         39 0.0000e+00
   41.06798  -70.77040     9.8510   3.539393    32.3710     38.957     38.651     9.8568   3.540056    32.3725    75.7954     2.5160       6.62 1.0000e-12     5.7904    252.310     5.7343  0.0016152 1.7005e+00          1         52 0.0000e+00
   41.06798  -70.77040     9.8617   3.540318    32.3712     38.022     37.724     9.8669   3.540901    32.3725    75.8978     2.5956       7.46 1.0000e-12     5.8018    252.807     5.7339  0.0010278 1.7005e+00          1         33 0.0000e+00
   41.06798  -70.77040     9.8972   3.543387    32.3710     36.985     36.695     9.9024   3.543655    32.3690    76.3293     2.6053       8.48 1.0000e-12     5.8078    253.072     5.7401 -0.5251060 1.7005e+00          1         31 0.0000e+00
   41.06798  -70.77040    10.0305   3.554796    32.3676     35.999     35.717    10.1007   3.560921    32.3666    76.3654     2.8935       9.64 1.0000e-12     5.8166    253.460     5.7533 -0.3174957 1.7005e+00          1         49 0.0000e+00
   41.06798  -70.77039    10.1742   3.567376    32.3665     35.012     34.738    10.0031   3.553101    32.3753    76.7480     3.4244      10.76 1.0000e-12     5.9268    258.270     5.8739  0.0031103 1.7005e+00          1         88 0.0000e+00
   41.06796  -70.77037    10.6622   3.610315    32.3631     34.211     33.943    10.5959   3.604576    32.3646    77.6420     4.1804      11.56 1.0000e-12     6.2901    274.124     6.1934 -0.1412250 1.7005e+00          1        216 0.0000e+00
   41.06796  -70.77036    10.5189   3.598140    32.3693     32.903     32.645    10.3352   3.582147    32.3725    77.7256     5.2472      12.88 1.0000e-12     6.2932    274.249     6.0445  0.0118992 1.7005e+00          1        118 0.0000e+00
   41.06796  -70.77034    10.8039   3.622694    32.3618     32.024     31.773    10.6471   3.609180    32.3661    77.3783     4.7454      13.69 1.0000e-12     6.3884    278.412     6.1881 -0.3234173 1.7005e+00          1         98 0.0000e+00
   41.06796  -70.77034    10.7288   3.616735    32.3695     30.900     30.658    10.7926   3.621807    32.3635    76.8553     3.4272      14.79 1.0000e-12     6.5016    283.340     6.3563  0.0195047 1.7005e+00          1         81 0.0000e+00
   41.06794  -70.77034    10.7378   3.617361    32.3681     30.027     29.792    10.8039   3.622785    32.3636    77.0109     2.6289      15.73 1.0000e-12     6.4245    279.984     6.4106  0.0178793 1.7005e+00          1         87 0.0000e+00
   41.06794  -70.77033    10.8703   3.627622    32.3533     29.006     28.779    10.8659   3.628823    32.3691    77.3991     1.9408      16.73 1.0000e-12     6.4523    281.203     6.4184 -0.0693709 1.7005e+00          1         82 0.0000e+00
   41.06794  -70.77032    10.9685   3.636858    32.3587     27.956     27.737    10.9460   3.635126    32.3613    77.8219     1.7406      17.78 1.0000e-12     6.5808    286.807     6.4519 -0.3161209 1.7005e+00          1         73 0.0000e+00
   41.06794  -70.77031    10.9761   3.637530    32.3590     27.070     26.859    10.9686   3.637039    32.3608    77.9918     1.9075      18.64 1.0000e-12     6.6393    289.357     6.5209  0.0235717 1.7005e+00          1         84 0.0000e+00
   41.06794  -70.77032    11.0480   3.643584    32.3559     26.023     25.820    11.0348   3.642526    32.3570    79.1605     1.8323      19.68 1.0000e-12     6.6590    290.221     6.5461  0.0241987 1.7005e+00          1         58 0.0000e+00
   41.06794  -70.77030    11.0883   3.646746    32.3520     25.060     24.865    11.0629   3.645087    32.3580    79.5711     1.9242      20.69 1.0000e-12     6.7245    293.077     6.6056 -0.3684362 1.7005e+00          1         83 0.0000e+00
   41.06792  -70.77030    11.1318   3.650559    32.3519     23.962     23.775    11.1036   3.648342    32.3548    79.8607     1.8691      21.77 1.0000e-12     6.7429    293.882     6.5711  0.0363436 1.7005e+00          1         64 0.0000e+00
