en655/en655_008_1db.cnv
* Sea-Bird SBE 9 Data File:
* FileName = D:\ctd\raw\EN655_008.hex
* Software Version Seasave V 7.26.7.121
* Temperature SN = 4130
* Conductivity SN = 2822
* Number of Bytes Per Scan = 40
* Number of Voltage Words = 5
* Number of Scans Averaged by the Deck Unit = 1
* NMEA Latitude = 40 41.64 N
* NMEA Longitude = 070 46.45 W
* NMEA UTC (Time) = Jul 26 2020  14:21:31
* NMEA baud rate = 4800
** Ship: R/V Endeavor
** Cruise: EN655
** Principal Investigator: Heidi Sosik
** Chief Scientist: Heidi Sosik
** Project: NES-LTER transect
** Dates: 25 - 30 Jul 2020
** Narragansett to Narragansett, Rhode Island
** Station:  u4a
** Bottom Depth: 64
** Operator:
# nquan = 22
# nvalues = 121                         
# units = specified
# name 0 = latitude: Latitude [deg]
# name 1 = longitude: Longitude [deg]
# name 2 = t090C: Temperature [ITS-90, deg C]
# name 3 = c0S/m: Conductivity [S/m]
# name 4 = sal00: Salinity, Practical [PSU]
# name 5 = prDM: Pressure, Digiquartz [db]
# name 6 = depSM: Depth [salt water, m]
# name 7 = t190C: Temperature, 2 [ITS-90, deg C]
# name 8 = c1S/m: Conductivity, 2 [S/m]
# name 9 = sal11: Salinity, Practical, 2 [PSU]
# name 10 = CStarTr0: Beam Transmission, WET Labs C-Star [%]
# name 11 = flECO-AFL: Fluorescence, WET Labs ECO-AFL/FL [mg/m^3]
# name 12 = altM: Altimeter [m]
# name 13 = par: PAR/Irradiance, Biospherical/Licor [umol photons/m^2/sec]
# name 14 = sbeox0ML/L: Oxygen, SBE 43 [ml/l]
# name 15 = sbox0Mm/Kg: Oxygen, SBE 43 [umol/kg]
# name 16 = sbeox1ML/L: Oxygen, SBE 43, 2 [ml/l]
# name 17 = upoly0: Upoly 0, SUNA
# name 18 = spar: SPAR, Biospherical/Licor [umol photons/m^2/sec]
# name 19 = pumps: Pump Status
# name 20 = nbin: number of scans per bin
# name 21 = flag: flag
# span 0 =   40.69195,   40.69383       
# span 1 =  -70.77681,  -70.77446       
# span 2 =     7.8763,    24.2664       
# span 3 =   3.390884,   4.790930       
# span 4 =    31.6954,    32.6349       
# span 5 =      1.416,     61.692       
# span 6 =      1.405,     61.206       
# span 7 =     7.8749,    24.2637       
# span 8 =   3.391239,   4.790704       
# span 9 =    31.6940,    32.6362       
# span 10 =    65.1912,    84.5385      
# span 11 =     0.1898,     2.4547      
# span 12 =       3.77,      65.58      
# span 13 = 1.9587e-02, 1.8655e+03      
# span 14 =     5.1534,     7.6911      
# span 15 =    224.983,    335.200      
# span 16 =     4.9787,     7.5639      
# span 17 = -0.4900433,  5.9846146      
# span 18 = 1.3026e+03, 2.1217e+03      
# span 19 =          1,          1      
# span 20 =         34,       2247      
# span 21 = 0.0000e+00, 0.0000e+00      
# interval = decibars: 1                
# start_time = Jul 26 2020 14:21:31 [NMEA time, header]
# bad_flag = -9.990e-29
*END*
   40.69383  -70.77446    24.2583   4.790285    31.7162      2.706      2.685    24.2577   4.790330    31.7169    81.4410     0.3702      64.36 8.2868e+02     5.1583    225.615     4.9863 -0.4900433 1.9952e+03          1       1336 0.0000e+00
   40.69368  -70.77456    24.2606   4.790435    31.7152      3.993      3.962    24.2627   4.790704    31.7157    81.4842     0.3854      63.45 5.3406e+02     5.1534    225.397     4.9913 -0.2965634 2.1217e+03          1         74 0.0000e+00
   40.69368  -70.77457    24.2574   4.790249    31.7158      5.037      4.998    24.2571   4.790347    31.7168    81.4562     0.3962      62.57 4.0298e+02     5.1547    225.455     4.9961  0.0798935 1.8385e+03          1         67 0.0000e+00
   40.69366  -70.77458    24.2664   4.790930    31.7143      5.999      5.952    24.2598   4.790515    31.7158    81.4494     0.4018      60.99 3.4569e+02     5.1601    225.692     4.9947  0.1223867 1.7013e+03          1         75 0.0000e+00
   40.69365  -70.77458    24.2629   4.790739    31.7149      7.041      6.987    24.2562   4.790353    31.7168    81.4516     0.4104      60.25 2.9108e+02     5.1631    225.823     5.0091  0.1207151 1.7080e+03          1         86 0.0000e+00
   40.69364  -70.77458    23.6999   4.754149    31.8437      8.039      7.976    23.6864   4.754014    31.8525    81.5486     0.4446      59.04 2.3649e+02     5.1986    227.319     5.0506 -0.3265094 1.6818e+03          1         76 0.0000e+00
   40.69363  -70.77460    22.0799   4.648978    32.2222      8.905      8.836    22.2392   4.659667    32.1873    83.1426     0.3739      58.10 1.9751e+02     5.2858    230.961     5.1226  0.1189060 1.7427e+03          1         64 0.0000e+00
   40.69362  -70.77460    21.4177   4.592036    32.2712      9.964      9.887    21.4953   4.599998    32.2756    82.6497     0.4776      57.09 1.6340e+02     5.5483    242.380     5.3585  0.1207151 1.6930e+03          1         86 0.0000e+00
   40.69362  -70.77462    19.9923   4.458413    32.2858     10.987     10.901    20.2051   4.480890    32.3045    80.6380     0.7135      56.04 1.4860e+02     5.8793    256.742     5.6972 -0.0642718 1.6460e+03          1         87 0.0000e+00
   40.69360  -70.77464    18.7041   4.337149    32.2880     12.076     11.982    18.7418   4.341472    32.2945    80.0120     0.7840      55.26 1.3352e+02     6.2873    274.470     6.0703 -0.1117789 1.6422e+03          1         75 0.0000e+00
   40.69360  -70.77466    17.9218   4.265391    32.3007     12.973     12.873    17.9343   4.268772    32.3194    80.0734     0.8174      54.20 1.1705e+02     6.5845    287.389     6.4060  0.1268250 1.5839e+03          1         59 0.0000e+00
   40.69358  -70.77466    16.7972   4.165138    32.3399     13.905     13.797    16.9192   4.175974    32.3355    80.5366     0.7921      52.97 1.0914e+02     6.7331    293.792     6.5336  0.1283489 1.7280e+03          1         89 0.0000e+00
   40.69357  -70.77468    15.6325   4.058285    32.3481     15.041     14.924    15.6901   4.065051    32.3610    80.7733     0.7551      52.58 1.0009e+02     6.9598    303.603     6.7768 -0.2944791 1.8998e+03          1         80 0.0000e+00
   40.69356  -70.77468    14.1152   3.925361    32.4053     15.959     15.835    14.1764   3.932730    32.4214    81.4263     0.7067      54.07 8.9392e+01     7.3076    318.657     7.1011  0.1278036 1.6525e+03          1         73 0.0000e+00
   40.69354  -70.77470    13.0583   3.833695    32.4483     17.012     16.880    13.1019   3.838384    32.4552    82.3282     0.6197      50.10 7.5959e+01     7.5081    327.322     7.3052  0.1272736 1.5593e+03          1         75 0.0000e+00
   40.69354  -70.77472    12.5850   3.791123    32.4510     17.944     17.805    12.6179   3.794781    32.4576    82.7607     0.6069      49.07 6.8465e+01     7.6630    334.048     7.4784  0.1264592 1.5756e+03          1         75 0.0000e+00
   40.69352  -70.77472    12.1372   3.748896    32.4335     18.930     18.783    12.2228   3.757453    32.4415    82.9749     0.6460      48.10 6.0925e+01     7.6829    334.888     7.5218 -0.2745810 1.5809e+03          1         85 0.0000e+00
   40.69351  -70.77474    11.5053   3.690028    32.4129     20.150     19.993    11.6006   3.698721    32.4143    82.9573     0.7098      46.94 5.2903e+01     7.6841    334.911     7.5074  0.1213388 1.6110e+03          1         82 0.0000e+00
   40.69350  -70.77474    11.2786   3.669281    32.4082     21.027     20.864    11.2949   3.671637    32.4170    83.1117     0.7117      46.12 4.6983e+01     7.6911    335.200     7.5549  0.1179351 1.5242e+03          1         58 0.0000e+00
   40.69351  -70.77474    11.0884   3.652942    32.4143     21.822     21.653    11.1585   3.659583    32.4180    83.0511     0.7294      44.98 4.1165e+01     7.6864    334.983     7.5639 -0.1679787 1.4772e+03          1         75 0.0000e+00
   40.69352  -70.77474    10.6350   3.612077    32.4096     23.039     22.860    10.7366   3.621625    32.4147    82.7587     0.9151      43.94 3.4840e+01     7.6558    333.624     7.4905 -0.0164255 1.4503e+03          1         91 0.0000e+00
   40.69351  -70.77474    10.2987   3.582315    32.4106     23.976     23.790    10.3075   3.583874    32.4183    82.4175     1.0189      43.04 3.0552e+01     7.6265    332.329     7.5129  0.1005570 1.4258e+03          1         58 0.0000e+00
   40.69350  -70.77476    10.1661   3.570851    32.4131     24.971     24.777    10.1857   3.573050    32.4178    82.4946     1.0656      41.85 2.6952e+01     7.5535    329.140     7.4204  0.0995301 1.4104e+03          1         80 0.0000e+00
   40.69348  -70.77478     9.9403   3.550328    32.4075     26.001     25.799     9.9610   3.552597    32.4119    82.5857     1.1019      40.90 2.3588e+01     7.5246    327.870     7.4206 -0.4005274 1.4050e+03          1         68 0.0000e+00
   40.69347  -70.77478     9.6632   3.525176    32.4004     26.881     26.672     9.8085   3.538847    32.4088    82.6437     1.1968      39.95 2.1089e+01     7.3849    321.771     7.3122  0.0934214 1.4171e+03          1         80 0.0000e+00
   40.69345  -70.77480     9.2404   3.485386    32.3738     28.165     27.945     9.3029   3.491176    32.3768    83.5524     0.9562      38.90 1.7983e+01     7.1179    310.124     6.9768  0.0915923 1.4476e+03          1         86 0.0000e+00
   40.69344  -70.77480     9.1120   3.473551    32.3677     28.945     28.719     9.1258   3.475403    32.3743    83.9949     0.8738      37.87 1.6676e+01     6.8054    296.507     6.7648  0.0904365 1.4675e+03          1         55 0.0000e+00
   40.69344  -70.77481     9.0353   3.467807    32.3775     29.975     29.741     9.0586   3.469558    32.3744    84.5385     0.8403      36.72 1.4309e+01     6.7148    292.552     6.6284 -0.3051078 1.4436e+03          1         87 0.0000e+00
   40.69344  -70.77482     9.0786   3.474375    32.4056     31.115     30.873     9.0683   3.472833    32.3990    83.7319     1.2055      35.82 1.2217e+01     6.7468    293.939     6.7003  0.0794101 1.4425e+03          1         83 0.0000e+00
   40.69342  -70.77482     9.0778   3.475677    32.4195     31.955     31.706     9.0792   3.475915    32.4206    83.0468     1.5097      34.83 1.0976e+01     6.8494    298.408     6.7663  0.0802334 1.4403e+03          1         59 0.0000e+00
   40.69342  -70.77482     8.9178   3.461425    32.4169     33.029     32.771     8.9524   3.464935    32.4219    83.2228     1.4829      33.72 9.1865e+00     6.8874    300.059     6.8130 -0.3309823 1.3948e+03          1         77 0.0000e+00
   40.69342  -70.77482     8.8022   3.450527    32.4087     33.884     33.620     8.8820   3.457803    32.4116    83.5880     1.4204      32.77 7.7663e+00     6.7564    294.345     6.7339  0.0713579 1.3715e+03          1         76 0.0000e+00
   40.69340  -70.77483     8.7367   3.446805    32.4292     35.139     34.864     8.7541   3.448146    32.4273    81.6288     2.2944      31.52 6.3029e+00     6.5565    285.632     6.4689  0.0753942 1.3557e+03          1         92 0.0000e+00
   40.69339  -70.77484     8.6732   3.441898    32.4357     36.011     35.729     8.6792   3.442768    32.4393    81.8996     2.2350      30.94 5.4527e+00     6.2353    271.632     6.2570  0.0706666 1.3313e+03          1         50 0.0000e+00
   40.69338  -70.77485     8.5726   3.434644    32.4516     36.925     36.636     8.6038   3.437031    32.4480    82.8653     1.4336      29.69 4.5556e+00     6.2194    270.933     6.1998 -0.3341948 1.3134e+03          1         81 0.0000e+00
   40.69336  -70.77488     8.5552   3.435138    32.4723     37.985     37.688     8.5737   3.436161    32.4660    83.6570     1.0113      28.60 3.7799e+00     5.9876    260.832     5.9545  0.0648295 1.3079e+03          1         90 0.0000e+00
   40.69336  -70.77488     8.4336   3.423619    32.4628     38.999     38.694     8.4494   3.425544    32.4684    83.7313     0.9344      27.66 3.2666e+00     5.9727    260.181     5.9500  0.0649779 1.3122e+03          1         64 0.0000e+00
   40.69334  -70.77491     8.3694   3.417576    32.4578     39.974     39.661     8.4008   3.420582    32.4605    83.7595     0.9057      26.51 2.8818e+00     5.9110    257.490     5.8727 -0.0374209 1.3104e+03          1         85 0.0000e+00
   40.69332  -70.77492     8.3171   3.413406    32.4616     41.049     40.728     8.3316   3.414836    32.4633    83.7179     0.8020      25.56 2.4678e+00     5.8764    255.981     5.8459  0.2736040 1.3095e+03          1         66 0.0000e+00
   40.69331  -70.77492     8.2335   3.405994    32.4601     41.962     41.634     8.2793   3.410349    32.4638    83.7187     0.6451      24.28 2.2159e+00     5.7260    249.428     5.7271  0.1158973 1.3277e+03          1         92 0.0000e+00
   40.69330  -70.77494     8.2008   3.403217    32.4604     42.950     42.614     8.2097   3.404134    32.4619    83.7413     0.5492      23.48 1.9234e+00     5.5822    243.162     5.5883  0.2188737 1.3306e+03          1         68 0.0000e+00
   40.69328  -70.77494     8.3052   3.415232    32.4905     44.103     43.758     8.2608   3.410059    32.4768    84.0464     0.5211      22.28 1.6461e+00     5.5461    241.588     5.5313  0.3919826 1.3404e+03          1         85 0.0000e+00
   40.69325  -70.77497     8.3075   3.416715    32.5036     44.875     44.524     8.3006   3.415983    32.5023    84.1878     0.5294      21.30 1.4913e+00     5.6844    247.608     5.6205  2.9459975 1.3316e+03          1         62 0.0000e+00
   40.69324  -70.77500     8.1616   3.404301    32.5067     46.045     45.684     8.1835   3.406161    32.5062    83.9014     0.4547      20.12 1.2606e+00     5.6139    244.531     5.5803  2.4337326 1.3300e+03          1        105 0.0000e+00
   40.69322  -70.77501     8.0408   3.396190    32.5323     47.030     46.661     8.0431   3.396577    32.5343    82.8621     0.3438      19.56 1.1081e+00     5.5143    240.187     5.5333  2.5310349 1.3352e+03          1         42 0.0000e+00
   40.69321  -70.77504     7.9797   3.393661    32.5618     47.955     47.579     8.0029   3.394762    32.5519    81.7681     0.2739      18.19 1.0193e+00     5.3395    232.564     5.2879  3.9470310 1.3630e+03          1         93 0.0000e+00
   40.69320  -70.77504     7.9345   3.392353    32.5895     48.905     48.521     7.9552   3.393279    32.5801    80.3807     0.2396      17.13 9.1664e-01     5.2442    228.408     5.2467  5.0682943 1.3772e+03          1         73 0.0000e+00
   40.69320  -70.77505     7.9062   3.391685    32.6082     50.093     49.700     7.9102   3.391861    32.6064    78.3955     0.2122      16.15 7.9807e-01     5.2267    227.641     5.2122  4.6968358 1.4026e+03          1         66 0.0000e+00
   40.69320  -70.77506     7.8993   3.391685    32.6143     50.875     50.476     7.9069   3.392048    32.6111    75.1442     0.2198      15.08 7.4274e-01     5.1947    226.245     5.1847  3.9603908 1.4455e+03          1         84 0.0000e+00
   40.69318  -70.77507     7.8896   3.391630    32.6223     52.060     51.652     7.8921   3.391825    32.6220    73.8933     0.1988      14.03 6.2172e-01     5.1958    226.293     5.1867  4.8705097 1.4645e+03          1         77 0.0000e+00
   40.69317  -70.77509     7.8866   3.391557    32.6238     52.995     52.579     7.8870   3.391702    32.6250    75.0270     0.1917      13.08 5.2173e-01     5.1955    226.280     5.1820  4.6180138 1.4563e+03          1         68 0.0000e+00
   40.69316  -70.77510     7.8829   3.391441    32.6256     53.984     53.560     7.8827   3.391547    32.6269    73.8990     0.1966      12.03 4.2507e-01     5.1907    226.070     5.1973  4.9996515 1.4533e+03          1         67 0.0000e+00
   40.69314  -70.77510     7.8808   3.391366    32.6263     54.918     54.486     7.8825   3.391595    32.6271    74.0497     0.2031      10.91 3.4430e-01     5.1929    226.166     5.1863  4.8510566 1.4568e+03          1         96 0.0000e+00
   40.69313  -70.77512     7.8790   3.391390    32.6277     55.999     55.559     7.8779   3.391424    32.6292    73.2614     0.1898      10.04 2.5458e-01     5.1840    225.778     5.1852  5.1938892 1.4228e+03          1         62 0.0000e+00
   40.69312  -70.77513     7.8785   3.391448    32.6284     56.995     56.547     7.8782   3.391529    32.6296    72.7880     0.1986       8.86 1.9289e-01     5.1754    225.403     5.1777  5.0912218 1.4255e+03          1         84 0.0000e+00
   40.69309  -70.77514     7.8777   3.391535    32.6297     57.924     57.469     7.8767   3.391572    32.6310    71.4941     0.1959       7.95 1.4093e-01     5.1786    225.540     5.1803  5.0564606 1.4340e+03          1         60 0.0000e+00
   40.69308  -70.77514     7.8779   3.391758    32.6313     59.067     58.602     7.8764   3.391726    32.6324    65.1912     0.2086       6.70 1.0131e-01     5.1792    225.566     5.1842  5.0564051 1.4449e+03          1        101 0.0000e+00
   40.69306  -70.77514     7.8763   3.391898    32.6338     60.071     59.599     7.8749   3.391883    32.6350    70.5354     0.2030       5.78 6.3901e-02     5.1854    225.835     5.1836  5.5124654 1.4473e+03          1         56 0.0000e+00
   40.69305  -70.77515     7.8764   3.392043    32.6348     61.101     60.620     7.8760   3.391868    32.6333    69.5646     0.2140       4.48 3.9161e-02     5.1713    225.223     5.1776  5.0056822 1.4300e+03          1        192 0.0000e+00
   40.69299  -70.77529     7.8767   3.392100    32.6348     61.692     61.206     7.8759   3.392135    32.6359    69.9343     0.2242       3.77 1.9587e-02     5.1694    225.138     5.1680  5.5483650 1.3726e+03          1        780 0.0000e+00
   40.69294  -70.77534     7.8823   3.392514    32.6344     60.932     60.453     7.8800   3.392450    32.6358    69.5656     0.2229       4.21 3.8086e-02     5.1677    225.065     5.1634  5.9846146 1.4068e+03          1         42 0.0000e+00
   40.69294  -70.77535     7.8797   3.392301    32.6349     60.049     59.577     7.8795   3.392398    32.6361    69.8365     0.2220       5.27 5.8069e-02     5.1666    225.017     5.1616  5.9821578 1.4284e+03          1         74 0.0000e+00
   40.69294  -70.77536     7.8808   3.392326    32.6347     58.993     58.529     7.8792   3.392332    32.6362    70.0921     0.2251       6.31 9.9928e-02     5.1658    224.983     5.1597  5.5963717 1.4486e+03          1         62 0.0000e+00
   40.69293  -70.77536     7.8786   3.391932    32.6330     57.957     57.501     7.8772   3.392078    32.6359    70.0801     0.2219       7.42 1.3998e-01     5.1675    225.055     5.1483  5.6896361 1.3750e+03          1         85 0.0000e+00
   40.69292  -70.77536     7.8786   3.390884    32.6223     56.999     56.551     7.8768   3.391780    32.6335    70.6543     0.2210       8.33 1.7827e-01     5.1721    225.259     5.1559  4.9795931 1.3414e+03          1         54 0.0000e+00
