en655/en655_007_1db.cnv
* Sea-Bird SBE 9 Data File:
* FileName = D:\ctd\raw\EN655_007.hex
* Software Version Seasave V 7.26.7.121
* Temperature SN = 4130
* Conductivity SN = 2822
* Number of Bytes Per Scan = 40
* Number of Voltage Words = 5
* Number of Scans Averaged by the Deck Unit = 1
* NMEA Latitude = 40 41.74 N
* NMEA Longitude = 070 52.85 W
* NMEA UTC (Time) = Jul 26 2020  11:06:13
* NMEA baud rate = 4800
** Ship: R/V Endeavor
** Cruise: EN655
** Principal Investigator: Heidi Sosik
** Chief Scientist: Heidi Sosik
** Project: NES-LTER transect
** Dates: 25 - 30 Jul 2020
** Narragansett to Narragansett, Rhode Island
** Station:  L4
** Bottom Depth: 64
** Operator:
# nquan = 22
# nvalues = 122                         
# units = specified
# name 0 = latitude: Latitude [deg]
# name 1 = longitude: Longitude [deg]
# name 2 = t090C: Temperature [ITS-90, deg C]
# name 3 = c0S/m: Conductivity [S/m]
# name 4 = sal00: Salinity, Practical [PSU]
# name 5 = prDM: Pressure, Digiquartz [db]
# name 6 = depSM: Depth [salt water, m]
# name 7 = t190C: Temperature, 2 [ITS-90, deg C]
# name 8 = c1S/m: Conductivity, 2 [S/m]
# name 9 = sal11: Salinity, Practical, 2 [PSU]
# name 10 = CStarTr0: Beam Transmission, WET Labs C-Star [%]
# name 11 = flECO-AFL: Fluorescence, WET Labs ECO-AFL/FL [mg/m^3]
# name 12 = altM: Altimeter [m]
# name 13 = par: PAR/Irradiance, Biospherical/Licor [umol photons/m^2/sec]
# name 14 = sbeox0ML/L: Oxygen, SBE 43 [ml/l]
# name 15 = sbox0Mm/Kg: Oxygen, SBE 43 [umol/kg]
# name 16 = sbeox1ML/L: Oxygen, SBE 43, 2 [ml/l]
# name 17 = upoly0: Upoly 0, SUNA
# name 18 = spar: SPAR, Biospherical/Licor [umol photons/m^2/sec]
# name 19 = pumps: Pump Status
# name 20 = nbin: number of scans per bin
# name 21 = flag: flag
# span 0 =   40.68913,   40.69561       
# span 1 =  -70.88078,  -70.87941       
# span 2 =     7.8927,    24.3509       
# span 3 =   3.392438,   4.796119       
# span 4 =    31.6855,    35.7216       
# span 5 =      1.373,     62.004       
# span 6 =      1.362,     61.516       
# span 7 =     7.8918,    24.3494       
# span 8 =   3.392321,   4.796038       
# span 9 =    31.6848,    32.6497       
# span 10 =     0.0656,    84.8566      
# span 11 =     0.1489,     1.6459      
# span 12 =       3.65,      64.57      
# span 13 = 1.0000e-12, 4.0406e+02      
# span 14 =     2.7936,     7.8193      
# span 15 =    135.937,    340.735      
# span 16 =     4.9085,     7.6051      
# span 17 = -0.6176374,  6.8514639      
# span 18 = 4.5085e+02, 1.2996e+03      
# span 19 =          1,          1      
# span 20 =         36,       4801      
# span 21 = 0.0000e+00, 0.0000e+00      
# interval = decibars: 1                
# start_time = Jul 26 2020 11:06:13 [NMEA time, header]
# bad_flag = -9.990e-29
*END*
   40.69561  -70.88078    24.3457   4.795493    31.6931      2.089      2.072    24.3455   4.795487    31.6932    82.9159     0.3731      64.57 4.0406e+02     5.0951    222.858     4.9155 -0.0187768 5.5129e+02          1       1132 0.0000e+00
   40.69546  -70.88074    24.3468   4.795616    31.6929      2.974      2.951    24.3476   4.795741    31.6933    83.0457     0.3593      64.57 1.5687e+02     5.0979    222.980     4.9181  0.0964757 4.5705e+02          1         72 0.0000e+00
   40.69546  -70.88074    24.3470   4.795687    31.6930      3.947      3.917    24.3472   4.795746    31.6933    83.0657     0.3585      64.24 1.1581e+02     5.0984    223.003     4.9126 -0.6176374 4.5085e+02          1         47 0.0000e+00
   40.69544  -70.88074    24.3474   4.795763    31.6930      5.006      4.967    24.3472   4.795791    31.6933    83.0928     0.3672      63.05 9.7460e+01     5.1004    223.089     4.9388  0.0984756 4.5727e+02          1         63 0.0000e+00
   40.69544  -70.88074    24.3509   4.796119    31.6929      6.051      6.004    24.3494   4.796038    31.6933    83.1091     0.3571      62.50 8.4664e+01     5.0967    222.928     4.9242  0.0991564 4.6108e+02          1         47 0.0000e+00
   40.69542  -70.88074    24.3387   4.795007    31.6930      6.994      6.940    24.3363   4.794883    31.6937    83.0585     0.3639      61.07 7.6377e+01     5.1057    223.320     4.9562  0.0965363 4.5837e+02          1         63 0.0000e+00
   40.69542  -70.88074    24.3234   4.793659    31.6935      7.984      7.922    24.3243   4.793845    31.6942    82.9870     0.3901      60.83 6.4397e+01     5.1069    223.371     4.9671  0.0963826 4.6000e+02          1         41 0.0000e+00
   40.69540  -70.88074    24.1916   4.782182    31.7014      8.996      8.927    24.1928   4.782710    31.7045    82.8733     0.4022      59.46 5.7674e+01     5.1326    224.487     4.9918 -0.3820730 4.5605e+02          1         70 0.0000e+00
   40.69539  -70.88074    23.2863   4.710075    31.8078      9.978      9.901    23.3554   4.719311    31.8280    82.0334     0.5162      59.10 5.0233e+01     5.2063    227.636     5.0591  0.0976445 4.6048e+02          1         49 0.0000e+00
   40.69538  -70.88074    21.8464   4.595179    31.9762     11.041     10.956    22.0070   4.608871    31.9641    80.1942     0.8664      60.89 4.4939e+01     5.4416    237.798     5.2828  0.0969597 4.5858e+02          1         71 0.0000e+00
   40.69536  -70.88074    20.3022   4.466249    32.1125     11.996     11.903    20.4334   4.482135    32.1404    78.9902     0.9992      58.20 3.9010e+01     5.8591    255.915     5.6018  0.0994452 4.6366e+02          1         45 0.0000e+00
   40.69535  -70.88074    18.5887   4.317775    32.2163     13.066     12.965    18.8826   4.344452    32.2091    78.6326     1.0767      56.28 3.5140e+01     6.1441    268.224     5.9194  0.0699966 4.6171e+02          1         62 0.0000e+00
   40.69534  -70.88074    17.0326   4.179247    32.2723     13.945     13.837    17.2550   4.204940    32.3151    78.7004     1.1027      55.34 3.0819e+01     6.6727    291.185     6.4064 -0.5232996 4.6083e+02          1         48 0.0000e+00
   40.69533  -70.88074    15.0888   4.007146    32.3384     15.061     14.944    15.2697   4.024957    32.3491    79.3820     1.0658      54.50 2.6105e+01     6.8854    300.324     6.6011  0.1126863 4.6303e+02          1         61 0.0000e+00
   40.69532  -70.88073    14.5129   3.954630    32.3408     15.977     15.853    14.5408   3.958799    32.3555    79.8496     1.0411      52.85 2.2942e+01     7.2927    318.048     7.0528  0.1167026 4.5855e+02          1         47 0.0000e+00
   40.69531  -70.88072    13.9342   3.902061    32.3427     17.036     16.904    14.0220   3.911747    32.3584    80.3473     1.0039      52.65 1.9503e+01     7.4556    325.116     7.2247  0.1145694 4.6268e+02          1         46 0.0000e+00
   40.69530  -70.88072    13.1554   3.832254    32.3514     17.950     17.811    13.3820   3.854347    32.3656    81.4282     0.9511      50.60 1.7756e+01     7.4684    325.624     7.2852  0.1101827 4.6445e+02          1         61 0.0000e+00
   40.69528  -70.88074    12.4819   3.775368    32.3892     18.989     18.841    12.5502   3.782975    32.4030    82.1060     0.8684      50.08 1.5186e+01     7.4784    326.008     7.2685 -0.5683002 4.6658e+02          1         50 0.0000e+00
   40.69528  -70.88074    11.7734   3.715045    32.4222     20.009     19.854    11.8134   3.720483    32.4401    82.5851     0.8425      49.22 1.3191e+01     7.6425    333.109     7.4625  0.1024057 4.6188e+02          1         47 0.0000e+00
   40.69526  -70.88074    11.1013   3.655405    32.4276     21.033     20.869    11.2034   3.665890    32.4409    82.5218     0.9394      47.29 1.1967e+01     7.7176    336.342     7.4999  0.1005570 4.6165e+02          1         58 0.0000e+00
   40.69526  -70.88074    10.4522   3.597506    32.4269     21.967     21.796    10.5048   3.604408    32.4490    83.0768     0.9128      46.75 1.0482e+01     7.8193    340.735     7.6051  0.0974090 4.6835e+02          1         45 0.0000e+00
   40.69524  -70.88074     9.9921   3.555748    32.4172     23.038     22.859    10.0154   3.558714    32.4263    83.3199     0.8689      45.83 9.2059e+00     7.6512    333.389     7.3939  0.0926578 4.6277e+02          1         49 0.0000e+00
   40.69523  -70.88074     9.7669   3.534903    32.4075     23.952     23.766     9.8024   3.539261    32.4198    82.9889     0.9854      44.28 8.1950e+00     7.3646    320.889     7.1453 -0.2930268 4.6743e+02          1         51 0.0000e+00
   40.69522  -70.88074     9.5018   3.510957    32.4014     24.990     24.795     9.5105   3.512410    32.4085    82.4773     1.1759      43.43 7.1049e+00     7.2971    317.939     7.1296 -0.1971646 4.6593e+02          1         45 0.0000e+00
   40.69521  -70.88074     9.4733   3.510146    32.4185     25.985     25.783     9.4707   3.510110    32.4205    83.0324     1.1195      42.25 6.1626e+00     6.9203    301.517     6.6911  0.0850220 4.6738e+02          1         48 0.0000e+00
   40.69520  -70.88074     9.4145   3.505698    32.4256     26.946     26.736     9.4201   3.506500    32.4288    83.6502     0.9475      41.07 5.3515e+00     6.9106    301.086     6.8830  0.0818404 4.6650e+02          1         48 0.0000e+00
   40.69520  -70.88074     9.2721   3.493915    32.4330     27.992     27.774     9.2793   3.495249    32.4403    84.2766     0.8104      40.38 4.5776e+00     7.2010    313.732     7.1577  0.0817495 4.6759e+02          1         42 0.0000e+00
   40.69518  -70.88074     9.1402   3.482860    32.4384     29.013     28.787     9.1476   3.484039    32.4438    84.0966     0.8992      38.78 4.0431e+00     7.3371    319.656     7.2472  0.0809104 4.6658e+02          1         52 0.0000e+00
   40.69518  -70.88074     9.0547   3.475330    32.4378     29.970     29.736     9.0593   3.476139    32.4420    84.1012     0.9579      37.72 3.5681e+00     7.2034    313.826     7.0579 -0.5558009 4.7248e+02          1         52 0.0000e+00
   40.69516  -70.88074     8.8974   3.462048    32.4429     31.008     30.767     8.9093   3.463938    32.4518    83.8151     1.0774      36.94 3.0738e+00     7.0806    308.467     6.9967  0.0722956 4.6625e+02          1         42 0.0000e+00
   40.69516  -70.88074     8.7672   3.450545    32.4417     32.034     31.784     8.7738   3.451515    32.4458    83.8301     1.1485      35.36 2.6691e+00     6.9498    302.763     6.8322  0.0665572 4.6912e+02          1         55 0.0000e+00
   40.69514  -70.88073     8.7173   3.446115    32.4407     32.968     32.711     8.7177   3.446526    32.4447    83.7269     1.2156      34.64 2.3170e+00     6.7695    294.907     6.6704  0.0634720 4.6827e+02          1         45 0.0000e+00
   40.69514  -70.88072     8.6733   3.442196    32.4396     34.017     33.751     8.6751   3.442758    32.4438    83.7108     1.2535      33.56 1.9702e+00     6.6832    291.144     6.6070  0.0651688 4.7063e+02          1         50 0.0000e+00
   40.69512  -70.88072     8.6229   3.437562    32.4369     34.989     34.715     8.6256   3.438240    32.4415    83.8356     1.2015      32.28 1.7080e+00     6.6271    288.701     6.5526  0.0303245 4.7041e+02          1         49 0.0000e+00
   40.69511  -70.88072     8.5586   3.431890    32.4360     36.030     35.749     8.5626   3.432562    32.4394    83.9333     1.1676      31.35 1.4494e+00     6.5747    286.416     6.5235 -0.5311312 4.7892e+02          1         52 0.0000e+00
   40.69510  -70.88072     8.5047   3.427569    32.4398     36.959     36.670     8.5076   3.428149    32.4431    83.7979     1.2087      30.15 1.2662e+00     6.5257    284.276     6.4589  0.0607865 4.6723e+02          1         46 0.0000e+00
   40.69510  -70.88072     8.4024   3.419951    32.4533     38.024     37.727     8.4031   3.420416    32.4576    84.0628     1.1806      29.43 1.0660e+00     6.4778    282.181     6.4332  0.0578526 4.7005e+02          1         43 0.0000e+00
   40.69508  -70.88072     8.3413   3.415318    32.4603     38.958     38.653     8.3572   3.416763    32.4609    84.3268     1.0779      27.88 9.2649e-01     6.2850    273.782     6.1739  0.0601440 4.7521e+02          1         62 0.0000e+00
   40.69507  -70.88073     8.2540   3.409056    32.4743     39.992     39.679     8.2587   3.409757    32.4775    84.8114     0.8806      27.16 7.8332e-01     6.0469    263.404     6.0154  0.0514907 4.6981e+02          1         46 0.0000e+00
   40.69506  -70.88074     8.1767   3.404011    32.4920     40.968     40.648     8.1769   3.404240    32.4943    84.7539     0.7203      26.08 6.6638e-01     5.9041    257.175     5.8479 -0.3946782 4.7482e+02          1         45 0.0000e+00
   40.69504  -70.88074     8.1727   3.404724    32.5028     42.024     41.695     8.1724   3.404754    32.5034    84.7813     0.5958      24.81 5.8589e-01     5.8143    253.264     5.7643 -0.1533549 4.7472e+02          1         55 0.0000e+00
   40.69504  -70.88074     8.1234   3.401461    32.5135     42.978     42.642     8.1238   3.401792    32.5166    84.4146     0.4734      23.88 5.1553e-01     5.7596    250.874     5.7478  0.8063292 4.7614e+02          1         41 0.0000e+00
   40.69502  -70.88074     8.0744   3.397136    32.5125     44.031     43.686     8.0767   3.397652    32.5159    84.0295     0.3993      22.69 4.4625e-01     5.6538    246.264     5.6014  2.1672558 4.7352e+02          1         52 0.0000e+00
   40.69502  -70.88074     8.0422   3.394207    32.5108     44.945     44.593     8.0407   3.394267    32.5129    83.6084     0.3156      21.55 3.9223e-01     5.4904    239.146     5.4385  2.5948627 4.6927e+02          1         52 0.0000e+00
   40.69500  -70.88074     8.0388   3.393954    32.5109     45.949     45.589     8.0370   3.393976    32.5128    83.0828     0.3004      20.73 3.3369e-01     5.3620    233.553     5.3286  1.9053699 4.7274e+02          1         43 0.0000e+00
   40.69499  -70.88074     8.0303   3.393487    32.5133     47.006     46.638     8.0293   3.393550    32.5150    83.1816     0.2933      19.47 2.9251e-01     5.3312    232.213     5.3354  1.7980781 4.7441e+02          1         61 0.0000e+00
   40.69498  -70.88074     8.0268   3.393307    32.5142     47.978     47.602     8.0250   3.393321    32.5160    83.1745     0.2811      18.72 2.5372e-01     5.3296    232.142     5.3304  2.7074662 4.9119e+02          1         41 0.0000e+00
   40.69498  -70.88074     8.0260   3.393265    32.5141     48.994     48.610     8.0239   3.393264    32.5159    83.0963     0.2749      17.42 2.1867e-01     5.3215    231.790     5.3313  2.0297168 4.7655e+02          1         50 0.0000e+00
   40.69496  -70.88074     8.0177   3.393060    32.5191     49.995     49.603     8.0166   3.393076    32.5203    81.0047     0.2700      16.45 1.8654e-01     5.3165    231.572     5.2963  2.7950167 4.7820e+02          1         42 0.0000e+00
   40.69496  -70.88074     7.9966   3.392922    32.5368     51.003     50.602     7.9952   3.392904    32.5379    28.0404     0.2192      15.34 1.5296e-01     5.3070    231.153     5.3029  3.2301743 4.6611e+02          1         47 0.0000e+00
   40.69494  -70.88074     7.9866   3.392909    32.5455     51.982     51.574     7.9854   3.392892    32.5464     0.0811     0.1902      14.27 1.2775e-01     5.2622    229.200     5.2498  3.2420161 4.7365e+02          1         54 0.0000e+00
   40.69494  -70.88074     7.9753   3.393029    32.5568     52.953     52.537     7.9740   3.392991    32.5576     0.0656     0.1755      13.35 1.0702e-01     5.2302    227.803     5.2222  3.6375185 4.7468e+02          1         50 0.0000e+00
   40.69492  -70.88074     7.9704   3.393111    32.5618     54.026     53.602     7.9688   3.393098    32.5631     0.0837     0.1661      12.15 8.1339e-02     5.2041    226.664     5.2028  3.7313500 4.8615e+02          1         53 0.0000e+00
   40.69492  -70.88074     7.9643   3.393172    32.5677     54.981     54.549     7.9627   3.393145    32.5689    49.9897     0.1923      11.35 6.5962e-02     5.1937    226.210     5.1985  3.7731310 4.7456e+02          1         42 0.0000e+00
   40.69491  -70.88074     7.9574   3.393241    32.5743     56.022     55.582     7.9560   3.393225    32.5755    27.4418     0.1724      10.34 5.0292e-02     5.1829    225.739     5.1918  3.6241473 4.7183e+02          1         45 0.0000e+00
   40.69490  -70.88074     7.9257   3.393752    32.6089     57.020     56.572     7.9262   3.393629    32.6071    48.5602     0.1729       9.15 3.4821e-02     5.1722    225.269     5.1778  4.2962607 4.6927e+02          1         51 0.0000e+00
   40.69488  -70.88074     7.9032   3.394463    32.6370     57.972     57.517     7.9027   3.394394    32.6368    16.3134     0.1489       7.98 2.6252e-02     5.1481    224.214     5.1518  3.1663365 4.8067e+02          1         60 0.0000e+00
   40.69487  -70.88074     7.8989   3.394622    32.6423     59.019     58.554     7.8979   3.394618    32.6432    68.8909     0.1848       7.01 1.3862e-02     5.1391    223.820     5.1500  4.1962738 4.8257e+02          1         65 0.0000e+00
   40.69486  -70.88074     7.8960   3.394763    32.6459     60.035     59.563     7.8968   3.394831    32.6460    72.7095     0.1816       5.92 1.8482e-03     5.1474    224.181     5.1553  4.8234827 4.7828e+02          1         81 0.0000e+00
   40.69475  -70.88074     7.8957   3.394742    32.6457     60.730     60.252     7.8976   3.394929    32.6459    68.3352     0.1980       5.01 1.1023e-05     5.1501    224.295     5.1562  4.9039443 4.7887e+02          1        904 0.0000e+00
   40.69414  -70.88052     7.8927   3.394811    32.6486     62.004     61.516     7.8918   3.394830    32.6497    69.4877     0.2102       3.65 1.0000e-12     5.1516    224.362     5.1334  5.4724664 4.9001e+02          1       4801 0.0000e+00
   40.69364  -70.88028     7.8939   3.394849    32.6484     61.074     60.593     7.8921   3.394759    32.6492    70.6493     0.2202       4.25 1.0000e-12     5.1526    224.405     5.1159  6.3425051 4.8864e+02          1         45 0.0000e+00
   40.69362  -70.88026     7.8939   3.394757    32.6479     59.999     59.527     7.8920   3.394655    32.6486    66.6315     0.2093       5.35 3.1128e-03     5.1549    224.505     5.1159  6.0842442 4.9711e+02          1         36 0.0000e+00
   40.69362  -70.88026     7.8943   3.394636    32.6468     58.936     58.473     7.8922   3.394619    32.6485    67.7834     0.2165       6.64 1.7617e-02     5.1535    224.445     5.1061  6.4535277 4.8692e+02          1         70 0.0000e+00
   40.69360  -70.88024     7.8960   3.394482    32.6439     58.052     57.596     7.8935   3.394461    32.6460    68.7545     0.2194       7.42 2.8099e-02     5.1487    224.235     5.1024  5.8219465 5.0312e+02          1         38 0.0000e+00
