en655/en655_005_1db.cnv
* Sea-Bird SBE 9 Data File:
* FileName = D:\ctd\raw\EN655_005.hex
* Software Version Seasave V 7.26.7.121
* Temperature SN = 4130
* Conductivity SN = 2822
* Number of Bytes Per Scan = 40
* Number of Voltage Words = 5
* Number of Scans Averaged by the Deck Unit = 1
* NMEA Latitude = 41 04.09 N
* NMEA Longitude = 070 59.60 W
* NMEA UTC (Time) = Jul 26 2020  03:37:19
* NMEA baud rate = 4800
** Ship: R/V Endeavor
** Cruise: EN655
** Principal Investigator: Heidi Sosik
** Chief Scientist: Heidi Sosik
** Project: NES-LTER transect
** Dates: 25 - 30 Jul 2020
** Narragansett to Narragansett, Rhode Island
** Station:  d2a
** Bottom Depth: 35
** Operator:  JEO
# nquan = 22
# nvalues = 61                          
# units = specified
# name 0 = latitude: Latitude [deg]
# name 1 = longitude: Longitude [deg]
# name 2 = t090C: Temperature [ITS-90, deg C]
# name 3 = c0S/m: Conductivity [S/m]
# name 4 = sal00: Salinity, Practical [PSU]
# name 5 = prDM: Pressure, Digiquartz [db]
# name 6 = depSM: Depth [salt water, m]
# name 7 = t190C: Temperature, 2 [ITS-90, deg C]
# name 8 = c1S/m: Conductivity, 2 [S/m]
# name 9 = sal11: Salinity, Practical, 2 [PSU]
# name 10 = CStarTr0: Beam Transmission, WET Labs C-Star [%]
# name 11 = flECO-AFL: Fluorescence, WET Labs ECO-AFL/FL [mg/m^3]
# name 12 = altM: Altimeter [m]
# name 13 = par: PAR/Irradiance, Biospherical/Licor [umol photons/m^2/sec]
# name 14 = sbeox0ML/L: Oxygen, SBE 43 [ml/l]
# name 15 = sbox0Mm/Kg: Oxygen, SBE 43 [umol/kg]
# name 16 = sbeox1ML/L: Oxygen, SBE 43, 2 [ml/l]
# name 17 = upoly0: Upoly 0, SUNA
# name 18 = spar: SPAR, Biospherical/Licor [umol photons/m^2/sec]
# name 19 = pumps: Pump Status
# name 20 = nbin: number of scans per bin
# name 21 = flag: flag
# span 0 =   41.06781,   41.06819       
# span 1 =  -70.99325,  -70.99200       
# span 2 =    10.8455,    23.2535       
# span 3 =   3.618953,   4.709911       
# span 4 =    31.8320,    69.3364       
# span 5 =      1.494,     31.995       
# span 6 =      1.482,     31.745       
# span 7 =    10.8444,    23.2549       
# span 8 =   3.619032,   4.710268       
# span 9 =    31.8337,    32.6125       
# span 10 =    75.0387,    80.5880      
# span 11 =     0.4224,     4.5178      
# span 12 =       3.13,      34.10      
# span 13 = 1.0000e-12, 8.0528e+00      
# span 14 =     5.3931,    25.0644      
# span 15 =    235.797,   1265.324      
# span 16 =     5.2241,     6.8957      
# span 17 = -0.9386891,  0.1060205      
# span 18 = 1.7005e+00, 1.7005e+00      
# span 19 =          1,          1      
# span 20 =          6,       1134      
# span 21 = 0.0000e+00, 0.0000e+00      
# interval = decibars: 1                
# start_time = Jul 26 2020 03:37:19 [NMEA time, header]
# bad_flag = -9.990e-29
*END*
   41.06819  -70.99325    23.2535   4.709911    31.8320      3.156      3.131    23.2549   4.710268    31.8337    79.6326     0.4896      31.95 3.0243e+00     5.3931    235.797     5.2258 -0.0443932 1.7005e+00          1        969 0.0000e+00
   41.06818  -70.99318    22.8969   4.678073    31.8478      4.027      3.995    22.9195   4.680719    31.8516    79.6636     0.4793      31.60 2.1165e+00     5.4387    237.764     5.2424  0.0926578 1.7005e+00          1         61 0.0000e+00
   41.06818  -70.99318    22.6549   4.656246    31.8563      5.008      4.969    22.7029   4.662846    31.8721    79.7288     0.4535      30.88 1.2681e+00     5.4256    237.172     5.2542  0.0934833 1.7005e+00          1         37 0.0000e+00
   41.06818  -70.99318    21.4423   4.548714    31.9139      5.964      5.917    21.4639   4.551167    31.9172    79.6867     0.4224      30.05 8.2021e-01     5.4713    239.081     5.2888  0.0954345 1.7005e+00          1         44 0.0000e+00
   41.06818  -70.99318    20.9031   4.509179    32.0039      6.985      6.931    20.9274   4.513304    32.0184    79.6015     0.4438      29.46 4.6860e-01     5.5589    242.858     5.3866  0.0926578 1.7005e+00          1         34 0.0000e+00
   41.06818  -70.99316    17.9371   4.260622    32.2484      8.080      8.017    18.0648   4.279003    32.3024    78.6039     0.6184      28.54 3.2012e-01     5.9177    258.295     5.6922 -0.7564471 1.7005e+00          1         40 0.0000e+00
   41.06818  -70.99315    16.1199   4.098302    32.3062      8.918      8.849    16.6470   4.170751    32.5186    78.9148     0.7700      26.78 2.1063e-01     6.2255    271.605     6.0532  0.0954859 1.7005e+00          1         54 0.0000e+00
   41.06818  -70.99314    15.3746   4.029489    32.3053      9.979      9.902    15.3716   4.030624    32.3179    79.9073     0.7145      26.15 1.4162e-01     6.8594    299.214     6.3609  0.0968999 1.7005e+00          1         36 0.0000e+00
   41.06818  -70.99314    15.1820   4.011366    32.3011     10.968     10.882    15.2192   4.015424    32.3069    80.2864     0.7037      25.00 9.1510e-02     6.8945    300.735     6.5653  0.0986175 1.7005e+00          1         41 0.0000e+00
   41.06816  -70.99314    14.5065   3.951059    32.3151     11.979     11.886    14.5946   3.959660    32.3200    80.5880     0.7029      24.12 5.7613e-02     6.9793    304.387     6.7462  0.1006955 1.7005e+00          1         38 0.0000e+00
   41.06816  -70.99314    13.6645   3.876792    32.3376     13.016     12.915    13.8698   3.895281    32.3359    80.4675     0.7777      23.02 2.8289e-02     6.9784    304.290     6.7330  0.0966767 1.7005e+00          1         38 0.0000e+00
   41.06816  -70.99314    13.2760   3.841031    32.3329     14.016     13.907    13.2988   3.843818    32.3396    80.5735     0.8055      22.08 8.6404e-03     6.9016    300.921     6.7004  0.0191629 1.7005e+00          1         32 0.0000e+00
   41.06816  -70.99312    13.0370   3.819066    32.3294     14.993     14.877    13.0578   3.822246    32.3417    80.4920     0.8227      21.34 1.0000e-12     6.9306    302.174     6.7229 -0.9386891 1.7005e+00          1         30 0.0000e+00
   41.06816  -70.99312    12.7098   3.789957    32.3334     16.017     15.892    12.7505   3.796149    32.3574    79.6944     0.9572      19.83 1.0000e-12     7.0418    307.002     6.8485  0.1060205 1.7005e+00          1         48 0.0000e+00
   41.06816  -70.99312    12.2327   3.747280    32.3361     17.033     16.900    12.2537   3.749997    32.3440    78.4136     1.2284      18.71 1.0000e-12     7.0386    306.835     6.8576  0.0932567 1.7005e+00          1         51 0.0000e+00
   41.06816  -70.99312    11.9013   3.716273    32.3238     17.855     17.715    11.9577   3.722824    32.3382    77.9289     1.8041      17.52 1.0000e-12     6.8213    297.345     6.6352  0.0899167 1.7005e+00          1         78 0.0000e+00
   41.06816  -70.99311    11.5722   3.686693    32.3224     19.086     18.937    11.5837   3.688521    32.3301    76.6888     2.6384      16.52 1.0000e-12     6.6484    289.793     6.4708  0.0711820 1.7005e+00          1         64 0.0000e+00
   41.06815  -70.99309    11.4391   3.675139    32.3254     19.946     19.791    11.4538   3.677237    32.3331    75.4308     3.4273      15.49 1.0000e-12     6.5273    284.507     6.4084 -0.3923335 1.7005e+00          1         66 0.0000e+00
   41.06814  -70.99308    11.2306   3.657173    32.3314     21.049     20.885    11.2715   3.661353    32.3366    75.0387     3.8548      14.36 1.0000e-12     6.4218    279.896     6.2812  0.0732889 1.7005e+00          1         82 0.0000e+00
   41.06814  -70.99306    11.1424   3.648651    32.3245     22.001     21.829    11.1485   3.649926    32.3318    76.0497     3.7684      13.61 1.0000e-12     6.2459    272.228     6.1792  0.0676678 1.7005e+00          1         44 0.0000e+00
   41.06814  -70.99306    11.0625   3.641004    32.3190     22.939     22.759    11.0978   3.644499    32.3224    76.9052     3.8279      12.29 1.0000e-12     6.1407    267.640     6.0325  0.0637220 1.7005e+00          1         76 0.0000e+00
   41.06812  -70.99304    10.9649   3.631820    32.3136     24.104     23.916    10.9754   3.633247    32.3184    77.4566     3.6049      11.27 1.0000e-12     6.0173    262.257     5.9444 -0.4654972 1.7005e+00          1         62 0.0000e+00
   41.06812  -70.99304    10.9078   3.626267    32.3085     24.967     24.772    10.9181   3.627690    32.3136    77.8526     3.4656      10.31 1.0000e-12     5.9023    257.243     5.8025  0.0601117 1.7005e+00          1         61 0.0000e+00
   41.06812  -70.99303    10.8788   3.623325    32.3046     25.906     25.703    10.8781   3.623630    32.3082    77.9629     3.2888       9.35 1.0000e-12     5.8226    253.770     5.7461  0.0601440 1.7005e+00          1         62 0.0000e+00
   41.06812  -70.99302    10.8732   3.622691    32.3027     27.137     26.924    10.8705   3.622732    32.3055    77.9997     3.2565       8.09 1.0000e-12     5.7759    251.734     5.7098  0.0591032 1.7005e+00          1         71 0.0000e+00
   41.06812  -70.99302    10.8633   3.621485    32.2992     27.921     27.702    10.8637   3.621847    32.3024    78.0769     3.3799       7.33 1.0000e-12     5.7771    251.787     5.6797 -0.6153369 1.7005e+00          1         50 0.0000e+00
   41.06811  -70.99300    10.8588   3.620968    32.2975     29.059     28.832    10.8548   3.620868    32.3001    77.9882     3.2797       6.19 1.0000e-12     5.7402    250.180     5.6608  0.0664097 1.7005e+00          1         64 0.0000e+00
   41.06810  -70.99298    10.8613   3.621185    32.2971     29.947     29.713    10.8603   3.621369    32.2998    78.1777     3.1435       5.23 1.0000e-12     5.7323    249.835     5.6680  0.0546345 1.7005e+00          1         49 0.0000e+00
   41.06810  -70.99295    10.8543   3.620234    32.2933     31.084     30.841    10.8534   3.620394    32.2957    78.0269     3.5912       3.92 1.0000e-12     5.7165    249.147     5.6625 -0.0467192 1.7005e+00          1        332 0.0000e+00
   41.06805  -70.99273    10.8455   3.618953    32.2880     31.995     31.745    10.8444   3.619032    32.2898    77.9611     3.8682       3.13 1.0000e-12     5.6835    247.707     5.6117 -0.0734197 1.7005e+00          1       1015 0.0000e+00
   41.06802  -70.99264    10.8498   3.619227    32.2874     31.077     30.833    10.8550   3.619902    32.2895    78.2043     4.0200       3.90 1.0000e-12     5.6870    247.863     5.6077  0.0536302 1.7005e+00          1         54 0.0000e+00
   41.06802  -70.99263    10.8562   3.619765    32.2875     29.935     29.701    10.8529   3.619688    32.2896    77.8864     4.2718       5.18 1.0000e-12     5.6823    247.658     5.5972  0.0550660 1.7005e+00          1         91 0.0000e+00
   41.06802  -70.99261    10.8517   3.619351    32.2877     29.032     28.805    10.8534   3.619673    32.2895    77.8842     3.6408       6.01 1.0000e-12     5.6862    247.828     5.6004  0.0327689 1.7005e+00          1         51 0.0000e+00
   41.06802  -70.99260    10.8531   3.619438    32.2878     28.029     27.810    10.8500   3.619338    32.2895    77.8775     4.2900       7.01 1.0000e-12     5.6886    247.929     5.6011 -0.3004530 1.7005e+00          1         85 0.0000e+00
   41.06802  -70.99259    10.8498   3.619179    32.2885     27.010     26.799    10.8491   3.619239    32.2898    78.0190     3.7820       8.02 1.0000e-12     5.6900    247.990     5.5910  0.0573421 1.7005e+00          1         64 0.0000e+00
   41.06801  -70.99258    10.8531   3.619455    32.2889     25.946     25.743    10.8503   3.619368    32.2904    77.9226     3.8959       9.20 1.0000e-12     5.6964    248.270     5.6024  0.0564881 1.7005e+00          1         76 0.0000e+00
   41.06800  -70.99257    10.8623   3.620292    32.2894     25.091     24.894    10.8528   3.619525    32.2902    78.0306     3.8627      10.00 1.0000e-12     5.7070    248.733     5.6002 -0.3311834 1.7005e+00          1         73 0.0000e+00
   41.06800  -70.99256    10.8787   3.621884    32.2912     23.976     23.789    10.8754   3.621680    32.2920    77.9974     3.8410      11.12 1.0000e-12     5.7289    249.688     5.6049  0.0192553 1.7005e+00          1         62 0.0000e+00
   41.06800  -70.99255    10.8796   3.621956    32.2915     23.085     22.904    10.8756   3.621752    32.2930    78.0193     4.0971      12.12 1.0000e-12     5.7599    251.040     5.6767  0.0559285 1.7005e+00          1         79 0.0000e+00
   41.06799  -70.99254    10.9078   3.624445    32.2918     22.004     21.832    10.8863   3.622681    32.2932    78.2945     4.1838      13.24 1.0000e-12     5.7653    251.275     5.6342  0.0574155 1.7005e+00          1         78 0.0000e+00
   41.06798  -70.99252    11.0331   3.635895    32.2952     20.979     20.815    10.9317   3.626735    32.2938    78.0562     4.2564      14.26 1.0000e-12     5.8211    253.714     5.6767 -0.4301724 1.7005e+00          1         68 0.0000e+00
   41.06798  -70.99251    11.0852   3.640302    32.2933     20.017     19.861    10.9884   3.631880    32.2952    77.2055     4.5178      15.26 1.0000e-12     5.9840    260.816     5.7679  0.0586784 1.7005e+00          1         80 0.0000e+00
   41.06798  -70.99250    11.1491   3.646341    32.2971     19.010     18.862    11.1237   3.644362    32.2999    76.6899     4.2799      16.27 1.0000e-12     6.0635    264.282     5.8140  0.0601752 1.7005e+00          1         63 0.0000e+00
   41.06798  -70.99248    11.2513   3.654878    32.2919     18.030     17.890    11.2035   3.651860    32.3041    76.4473     3.5337      17.36 1.0000e-12     6.1872    269.679     6.1015  0.0602745 1.7005e+00          1         83 0.0000e+00
   41.06797  -70.99248    11.4002   3.668050    32.2912     16.985     16.852    11.2504   3.654512    32.2896    75.9791     2.4871      18.43 1.0000e-12     6.2491    272.384     6.0658 -0.4791536 1.7005e+00          1         61 0.0000e+00
   41.06796  -70.99247    11.7401   3.696760    32.2752     16.103     15.977    11.3353   3.662183    32.2909    76.5954     1.6817      19.33 1.0000e-12     6.3987    278.928     6.1507  0.0617279 1.7005e+00          1         79 0.0000e+00
   41.06796  -70.99246    11.9741   3.717165    32.2705     14.921     14.805    11.8547   3.707047    32.2760    77.4444     1.2664      20.54 1.3467e-03     6.6117    288.223     6.2311  0.0653296 1.7005e+00          1         57 0.0000e+00
   41.06796  -70.99244    12.2300   3.739071    32.2604     14.121     14.011    12.0862   3.726498    32.2637    78.4980     1.0697      21.53 1.3319e-02     6.6903    291.664     6.5663  0.0671452 1.7005e+00          1         85 0.0000e+00
   41.06796  -70.99244    12.4499   3.759828    32.2709     12.950     12.849    12.4869   3.762804    32.2675    79.2662     0.8990      22.59 3.2700e-02     6.8842    300.131     6.7706 -0.4149007 1.7005e+00          1         68 0.0000e+00
   41.06794  -70.99242    12.7915   3.789575    32.2614     12.070     11.976    12.5483   3.767878    32.2635    80.0042     0.8714      23.59 5.7940e-02     6.8607    299.127     6.7312  0.0786951 1.7005e+00          1         70 0.0000e+00
   41.06794  -70.99241    13.1657   3.821922    32.2479     10.993     10.907    12.9306   3.802611    32.2665    80.0714     0.8390      24.68 1.0340e-01     6.9344    302.365     6.7769  0.0868584 1.7005e+00          1         79 0.0000e+00
   41.06794  -70.99240    14.2945   3.921357    32.2212      9.930      9.853    14.1199   3.904476    32.2117    80.3956     0.7440      25.86 1.5776e-01     7.0159    305.991     6.8957  0.0176469 1.7005e+00          1         68 0.0000e+00
   41.06794  -70.99240    14.8874   3.973053    32.1996      9.095      9.024    14.5336   3.941744    32.2083    80.5245     0.7376      26.86 2.1302e-01     6.8810    300.152     6.7544 -0.3374122 1.7005e+00          1         62 0.0000e+00
   41.06793  -70.99238    14.7498   3.963648    32.2285      7.956      7.894    14.5339   3.944055    32.2301    80.2504     0.7471      27.85 3.1231e-01     6.9201    301.839     6.8124  0.0919475 1.7005e+00          1         86 0.0000e+00
   41.06792  -70.99238    16.2276   4.092208    32.1662      6.982      6.928    15.6993   4.045298    32.1806    79.1435     0.7969      28.78 4.3394e-01     6.9396    302.802     6.7370  0.0916725 1.7005e+00          1         62 0.0000e+00
   41.06792  -70.99236    13.7908   4.423176    69.3364      6.062      6.015    17.9601   4.301743    32.6125    79.4672     0.5576      30.23 5.9850e-01    25.0644   1265.324     6.6152 -0.2293671 1.7005e+00          1         81 0.0000e+00
   41.06792  -70.99234    21.7029   4.566785    31.8626      5.078      5.038    21.3572   4.535373    31.8717    79.5191     0.4667      31.02 1.0716e+00     5.6275    245.933     5.6483  0.0625636 1.7005e+00          1        204 0.0000e+00
   41.06792  -70.99231    21.7337   4.570333    31.8681      4.162      4.130    21.6572   4.563649    31.8723    78.8054     0.4685      31.55 1.6201e+00     5.6156    245.414     5.4321 -0.3005877 1.7005e+00          1         88 0.0000e+00
   41.06790  -70.99229    22.1866   4.611049    31.8514      3.180      3.155    22.2592   4.617385    31.8472    79.4807     0.4628      32.37 2.4166e+00     5.5626    243.132     5.4056  0.0958729 1.7005e+00          1         76 0.0000e+00
   41.06785  -70.99211    22.9986   4.686307    31.8374      2.029      2.013    22.9793   4.684550    31.8381    79.5163     0.4940      33.64 5.8075e+00     5.4235    237.105     5.2401  0.0024014 1.7005e+00          1       1134 0.0000e+00
   41.06781  -70.99200    22.9038   4.678053    31.8435      1.494      1.482    22.9059   4.678166    31.8428    79.4631     0.5091      34.10 8.0528e+00     5.4352    237.609     5.2241  0.1028389 1.7005e+00          1          6 0.0000e+00
