en655/en655_004_1db.cnv
* Sea-Bird SBE 9 Data File:
* FileName = D:\ctd\raw\EN655_004.hex
* Software Version Seasave V 7.26.7.121
* Temperature SN = 4130
* Conductivity SN = 2822
* Number of Bytes Per Scan = 40
* Number of Voltage Words = 5
* Number of Scans Averaged by the Deck Unit = 1
* NMEA Latitude = 41 04.09 N
* NMEA Longitude = 070 46.24 W
* NMEA UTC (Time) = Jul 26 2020  02:01:42
* NMEA baud rate = 4800
** Ship: R/V Endeavor
** Cruise: EN655
** Principal Investigator: Heidi Sosik
** Chief Scientist: Heidi Sosik
** Project: NES-LTER transect
** Dates: 25 - 30 Jul 2020
** Narragansett to Narragansett, Rhode Island
** Station:  u2a
** Bottom Depth: 46
** Operator:  JEO
# nquan = 22
# nvalues = 87                          
# units = specified
# name 0 = latitude: Latitude [deg]
# name 1 = longitude: Longitude [deg]
# name 2 = t090C: Temperature [ITS-90, deg C]
# name 3 = c0S/m: Conductivity [S/m]
# name 4 = sal00: Salinity, Practical [PSU]
# name 5 = prDM: Pressure, Digiquartz [db]
# name 6 = depSM: Depth [salt water, m]
# name 7 = t190C: Temperature, 2 [ITS-90, deg C]
# name 8 = c1S/m: Conductivity, 2 [S/m]
# name 9 = sal11: Salinity, Practical, 2 [PSU]
# name 10 = CStarTr0: Beam Transmission, WET Labs C-Star [%]
# name 11 = flECO-AFL: Fluorescence, WET Labs ECO-AFL/FL [mg/m^3]
# name 12 = altM: Altimeter [m]
# name 13 = par: PAR/Irradiance, Biospherical/Licor [umol photons/m^2/sec]
# name 14 = sbeox0ML/L: Oxygen, SBE 43 [ml/l]
# name 15 = sbox0Mm/Kg: Oxygen, SBE 43 [umol/kg]
# name 16 = sbeox1ML/L: Oxygen, SBE 43, 2 [ml/l]
# name 17 = upoly0: Upoly 0, SUNA
# name 18 = spar: SPAR, Biospherical/Licor [umol photons/m^2/sec]
# name 19 = pumps: Pump Status
# name 20 = nbin: number of scans per bin
# name 21 = flag: flag
# span 0 =   41.06770,   41.06816       
# span 1 =  -70.77077,  -70.76999       
# span 2 =     9.8120,    23.0475       
# span 3 =   3.536418,   4.705106       
# span 4 =    31.9222,    87.6552       
# span 5 =      1.852,     44.697       
# span 6 =      1.837,     44.345       
# span 7 =     9.8121,    23.0398       
# span 8 =   3.536589,   4.704189       
# span 9 =    31.9261,    32.3917       
# span 10 =    73.6521,    81.7343      
# span 11 =     0.3361,     5.2472      
# span 12 =       1.02,      43.54      
# span 13 = 1.0000e-12, 7.7917e+00      
# span 14 =    -4.5942,     7.2859      
# span 15 =     34.076,    317.588      
# span 16 =     5.1902,     7.1132      
# span 17 = -0.6741409,  0.0579495      
# span 18 = 1.7005e+00, 1.7005e+00      
# span 19 =          1,          1      
# span 20 =         31,       2641      
# span 21 = 0.0000e+00, 0.0000e+00      
# interval = decibars: 1                
# start_time = Jul 26 2020 02:01:42 [NMEA time, header]
# bad_flag = -9.990e-29
*END*
[from data line 66]
   41.06792  -70.77028    11.1769   3.654271    32.3496     21.921     21.750    11.1426   3.651645    32.3539    79.7373     2.7785      23.76 1.0000e-12     6.7588    294.576     6.6019  0.0247838 1.7005e+00          1         63 0.0000e+00
   41.06792  -70.77028    11.2017   3.656450    32.3497     21.036     20.872    11.1883   3.655259    32.3497    79.6429     3.2599      24.78 1.0000e-12     6.7931    296.071     6.6352 -0.4836600 1.7005e+00          1         61 0.0000e+00
   41.06791  -70.77028    11.2502   3.660347    32.3458     19.992     19.836    11.2302   3.658860    32.3487    78.6902     2.9518      25.92 1.0000e-12     6.8059    296.637     6.6664  0.0204645 1.7005e+00          1         77 0.0000e+00
   41.06790  -70.77027    11.3335   3.667495    32.3433     19.045     18.896    11.2151   3.657814    32.3521    78.4944     3.4509      26.77 1.0000e-12     6.8108    296.854     6.6725  0.0299052 1.7005e+00          1         55 0.0000e+00
   41.06790  -70.77026    11.3629   3.669953    32.3421     18.026     17.885    11.2804   3.663082    32.3470    77.5042     2.9732      27.85 1.0000e-12     6.7682    294.996     6.6775  0.0292804 1.7005e+00          1         80 0.0000e+00
   41.06790  -70.77028    11.6113   3.691068    32.3318     16.963     16.831    11.5848   3.688549    32.3304    77.1642     1.7621      28.95 1.0000e-12     6.7594    294.629     6.6533 -0.4673035 1.7005e+00          1         66 0.0000e+00
   41.06790  -70.77028    11.8079   3.707788    32.3234     16.027     15.903    11.6741   3.696299    32.3283    77.0331     1.2034      29.96 1.0000e-12     6.7977    296.311     6.6426  0.0400833 1.7005e+00          1         61 0.0000e+00
   41.06789  -70.77028    12.0371   3.727252    32.3132     15.104     14.986    11.9376   3.719562    32.3253    77.5991     1.2040      30.97 5.4437e-04     6.9780    304.188     6.8423  0.0315712 1.7005e+00          1         80 0.0000e+00
   41.06788  -70.77027    12.6853   3.783327    32.2923     13.919     13.810    12.4044   3.759911    32.3103    74.1889     1.2022      32.11 1.9444e-02     7.0422    307.028     6.9001  0.0329287 1.7005e+00          1         90 0.0000e+00
   41.06788  -70.77026    13.0438   3.813446    32.2715     12.907     12.807    12.9678   3.806751    32.2729    74.2538     1.2259      33.02 5.1065e-02     7.1015    309.637     6.8243 -0.5394341 1.7005e+00          1         59 0.0000e+00
   41.06788  -70.77026    13.1853   3.825042    32.2607     12.041     11.948    13.0769   3.817749    32.2843    75.0417     1.5297      33.96 7.9487e-02     7.0201    306.100     6.9313  0.0376044 1.7005e+00          1         81 0.0000e+00
   41.06788  -70.77025    13.1221   3.822796    32.2936     11.014     10.928    13.1960   3.827209    32.2723    73.6521     1.2576      34.97 1.3179e-01     7.0391    306.915     6.8128  0.0342271 1.7005e+00          1         69 0.0000e+00
   41.06786  -70.77024    13.5237   3.847815    32.1882     10.032      9.954    13.4495   3.847303    32.2461    74.4713     1.1498      36.02 1.9463e-01     6.9451    302.864     6.8230  0.0366019 1.7005e+00          1         85 0.0000e+00
   41.06781  -70.77016    14.8603   3.950080    32.0147      9.086      9.015    14.8364   3.948330    32.0185    77.1707     0.7929      37.01 2.8405e-01     6.7422    294.137     6.5569 -0.0755792 1.7005e+00          1       2641 0.0000e+00
   41.06774  -70.77008    15.0102   3.962495    32.0041      8.021      7.958    15.0217   3.963525    32.0039    76.6620     0.7599      37.79 4.0156e-01     6.7427    294.167     6.5564  0.0488008 1.7005e+00          1         78 0.0000e+00
   41.06774  -70.77008    15.5825   4.014105    31.9989      6.885      6.831    15.3399   3.991611    31.9959    74.4358     0.7606      38.94 5.6952e-01     6.7241    293.395     6.5048 -0.2294356 1.7005e+00          1        110 0.0000e+00
   41.06774  -70.77006    16.7400   4.121612    32.0113      5.948      5.902    16.6219   4.110740    32.0116    74.9213     0.8745      39.93 7.6685e-01     6.7238    293.455     6.6049  0.0334566 1.7005e+00          1         81 0.0000e+00
   41.06774  -70.77006    17.9322   4.227908    31.9784      5.029      4.990    16.7341   4.119847    32.0009    75.7057     0.9876      41.03 1.0861e+00     6.4999    283.765     6.4004  0.0579495 1.7005e+00          1         88 0.0000e+00
   41.06774  -70.77006    17.0670   4.480158    87.6552      3.944      3.914    19.8742   4.434731    32.2031    76.7519     0.6409      42.25 1.6256e+00    -4.5942     34.076     6.1699 -0.1936860 1.7005e+00          1        104 0.0000e+00
   41.06772  -70.77004    21.1289   4.520267    31.9222      2.765      2.744    20.8068   4.490372    31.9261    78.2304     0.3940      43.37 2.6321e+00     5.6647    247.514     5.5690 -0.0209252 1.7005e+00          1         96 0.0000e+00
   41.06770  -70.76999    22.6734   4.668287    31.9359      2.140      2.123    22.4458   4.646703    31.9363    81.0422     0.3612      43.50 3.1710e+00     5.4607    238.692     5.3098 -0.0489945 1.7005e+00          1        853 0.0000e+00
