en655/en655_011_1db.cnv
* Sea-Bird SBE 9 Data File:
* FileName = D:\ctd\raw\EN655_011.hex
* Software Version Seasave V 7.26.7.121
* Temperature SN = 4130
* Conductivity SN = 2822
* Number of Bytes Per Scan = 40
* Number of Voltage Words = 5
* Number of Scans Averaged by the Deck Unit = 1
* NMEA Latitude = 40 13.46 N
* NMEA Longitude = 070 52.76 W
* NMEA UTC (Time) = Jul 27 2020  01:27:35
* NMEA baud rate = 4800
** Ship: R/V Endeavor
** Cruise: EN655
** Principal Investigator: Heidi Sosik
** Chief Scientist: Heidi Sosik
** Project: NES-LTER transect
** Dates: 25 - 30 Jul 2020
** Narragansett to Narragansett, Rhode Island
** Station:  L7
** Bottom Depth: 127
** Operator:
# nquan = 22
# nvalues = 205                         
# units = specified
# name 0 = latitude: Latitude [deg]
# name 1 = longitude: Longitude [deg]
# name 2 = t090C: Temperature [ITS-90, deg C]
# name 3 = c0S/m: Conductivity [S/m]
# name 4 = sal00: Salinity, Practical [PSU]
# name 5 = prDM: Pressure, Digiquartz [db]
# name 6 = depSM: Depth [salt water, m]
# name 7 = t190C: Temperature, 2 [ITS-90, deg C]
# name 8 = c1S/m: Conductivity, 2 [S/m]
# name 9 = sal11: Salinity, Practical, 2 [PSU]
# name 10 = CStarTr0: Beam Transmission, WET Labs C-Star [%]
# name 11 = flECO-AFL: Fluorescence, WET Labs ECO-AFL/FL [mg/m^3]
# name 12 = altM: Altimeter [m]
# name 13 = par: PAR/Irradiance, Biospherical/Licor [umol photons/m^2/sec]
# name 14 = sbeox0ML/L: Oxygen, SBE 43 [ml/l]
# name 15 = sbox0Mm/Kg: Oxygen, SBE 43 [umol/kg]
# name 16 = sbeox1ML/L: Oxygen, SBE 43, 2 [ml/l]
# name 17 = upoly0: Upoly 0, SUNA
# name 18 = spar: SPAR, Biospherical/Licor [umol photons/m^2/sec]
# name 19 = pumps: Pump Status
# name 20 = nbin: number of scans per bin
# name 21 = flag: flag
# span 0 =   40.22214,   40.22434       
# span 1 =  -70.87945,  -70.87626       
# span 2 =     8.6234,    23.5641       
# span 3 =   3.465864,   4.814374       
# span 4 =    32.3934,    51.5645       
# span 5 =      2.222,    126.674       
# span 6 =      2.204,    125.663       
# span 7 =     8.6776,    23.5661       
# span 8 =   3.472041,   4.814645       
# span 9 =    32.3948,    35.3596       
# span 10 =    64.7162,    88.0224      
# span 11 =     0.0453,     2.1259      
# span 12 =       0.22,      97.55      
# span 13 = 1.0000e-12, 7.2643e+00      
# span 14 =     0.1851,     7.1971      
# span 15 =     79.144,    313.551      
# span 16 =     4.0034,     7.0971      
# span 17 = -0.8403921,  11.680221      
# span 18 = 1.7005e+00, 1.7005e+00      
# span 19 =          1,          1      
# span 20 =         21,       1731      
# span 21 = 0.0000e+00, 0.0000e+00      
# interval = decibars: 1                
# start_time = Jul 27 2020 01:27:35 [NMEA time, header]
# bad_flag = -9.990e-29
*END*
   40.22434  -70.87941    23.5118   4.809642    32.3982      2.222      2.204    23.5132   4.810274    32.4020    84.8192     0.0926       0.22 7.2643e+00     5.0778    221.935     4.9272  0.1223528 1.7005e+00          1         36 0.0000e+00
   40.22433  -70.87945    23.5431   4.812509    32.3967      3.093      3.069    23.5388   4.812220    32.3977    87.5730     0.0943       0.29 3.3693e+00     5.0726    221.707     4.9182  0.1222867 1.7005e+00          1        167 0.0000e+00
   40.22428  -70.87937    23.5353   4.812234    32.4001      3.766      3.737    23.5364   4.812382    32.4005    87.6080     0.0987       0.28 2.3009e+00     5.0779    221.937     4.9200  0.1156620 1.7005e+00          1        158 0.0000e+00
   40.22425  -70.87932    23.5617   4.814097    32.3945      4.924      4.886    23.5613   4.814146    32.3952    87.6357     0.0942       0.43 1.5542e+00     5.0784    221.963     4.9249  0.1220905 1.7005e+00          1         55 0.0000e+00
   40.22424  -70.87932    23.5641   4.814374    32.3945      6.005      5.959    23.5661   4.814609    32.3948    87.6158     0.1015       0.34 1.0833e+00     5.0745    221.791     4.9446 -0.8403921 1.7005e+00          1         31 0.0000e+00
   40.22424  -70.87930    23.5641   4.814263    32.3934      7.056      7.002    23.5660   4.814645    32.3948    87.6441     0.1000       0.42 6.8718e-01     5.0789    221.986     4.9283  0.0453157 1.7005e+00          1         60 0.0000e+00
   40.22424  -70.87928    22.8375   4.766980    32.5698      8.031      7.969    22.9992   4.780081    32.5500    87.5599     0.0985      13.14 4.6140e-01     5.1169    223.572     4.9506  0.1212092 1.7005e+00          1         46 0.0000e+00
   40.22423  -70.87928    21.5820   4.683183    32.8637      9.014      8.944    21.5912   4.684167    32.8645    87.1659     0.1020      20.62 3.1277e-01     5.2204    227.967     5.0832  0.1232012 1.7005e+00          1         58 0.0000e+00
   40.22422  -70.87925    21.2684   4.665951    32.9679     10.030      9.953    21.2772   4.666704    32.9671    86.8410     0.1087       6.43 2.1570e-01     5.5395    241.863     5.3773  0.0128712 1.7005e+00          1         98 0.0000e+00
   40.22422  -70.87924    20.1635   4.582365    33.1574     10.965     10.881    20.2074   4.588923    33.1760    86.7661     0.1137       0.41 1.3579e-01     5.6682    247.375     5.4897 -0.4360329 1.7005e+00          1         42 0.0000e+00
   40.22422  -70.87924    19.4968   4.553438    33.4489     11.792     11.701    19.6122   4.556862    33.3852    86.7461     0.1139       6.16 1.0133e-01     5.9091    257.786     5.7582  0.1261381 1.7005e+00          1        104 0.0000e+00
   40.22421  -70.87922    18.4241   4.529473    34.1237     13.158     13.056    18.6476   4.552025    34.1283    86.5365     0.1307      11.08 4.8690e-02     6.1374    267.542     5.9103  0.1256447 1.7005e+00          1         50 0.0000e+00
   40.22420  -70.87922    17.6627   4.438309    33.9813     13.872     13.765    17.7937   4.457707    34.0382    86.4858     0.1779      23.80 2.9412e-02     6.2114    270.745     6.0227  0.1256644 1.7005e+00          1         62 0.0000e+00
   40.22420  -70.87922    18.0606   4.247535    33.1259     15.039     14.923    16.0627   4.257926    33.7608    85.1551     0.2015       0.36 1.3980e-02     5.2648    227.598     6.1184 -0.7587379 1.7005e+00          1         40 0.0000e+00
   40.22420  -70.87921    15.7508   4.215548    33.6496     15.972     15.849    15.9155   4.235765    33.6892    85.7851     0.2368       9.74 2.7118e-03     6.4721    282.060     6.2671  0.1358064 1.7005e+00          1         63 0.0000e+00
   40.22420  -70.87920    14.8669   4.110458    33.4565     16.950     16.819    15.0932   4.142655    33.5544    85.2165     0.2715      14.00 7.3523e-05     6.6919    291.626     6.4905  0.1232012 1.7005e+00          1         43 0.0000e+00
   40.22420  -70.87918    12.7625   3.874095    33.0844     17.981     17.842    12.9342   3.899787    33.1780    81.0437     0.6516       0.43 2.3909e-05     6.7806    295.451     6.5733  0.1232012 1.7005e+00          1         35 0.0000e+00
   40.22418  -70.87918    11.2786   3.714389    32.8523     19.046     18.899    11.8763   3.831574    33.5027    79.0017     1.1014      10.67 2.8366e-06     6.8817    299.824     4.5862  0.1206128 1.7005e+00          1         59 0.0000e+00
   40.22418  -70.87918    10.3613   3.618289    32.7170     19.973     19.819    10.5235   3.639616    32.7847    78.3891     1.2766       0.38 1.4345e-05     7.1971    313.551     7.0971  0.1214559 1.7005e+00          1         35 0.0000e+00
   40.22418  -70.87917     9.5136   3.534615    32.6351     21.074     20.911     9.8812   3.567871    32.6409    77.2218     1.7417      18.62 8.3680e-06     7.0669    307.855     6.6714 -0.4438869 1.7005e+00          1         60 0.0000e+00
   40.22418  -70.87916     9.2137   3.508036    32.6347     21.931     21.761     9.2673   3.514920    32.6567    76.7147     2.1259       0.46 1.4767e-05     6.8798    299.689     6.7979  0.1124212 1.7005e+00          1         34 0.0000e+00
   40.22417  -70.87916     8.8148   3.469836    32.6034     23.005     22.827     8.8317   3.472858    32.6193    78.4449     1.8634      19.76 1.0000e-12     6.8633    298.960     6.6611  0.1060205 1.7005e+00          1         32 0.0000e+00
   40.22416  -70.87914     8.8400   3.471517    32.5973     23.913     23.728     8.8907   3.475933    32.5968    79.3531     1.6167       0.37 1.1622e-05     6.6370    289.105     6.4573  0.0985968 1.7005e+00          1         72 0.0000e+00
   40.22416  -70.87913     8.8722   3.478002    32.6348     25.025     24.831     8.8502   3.475116    32.6250    80.8824     1.2927       0.72 4.2913e-06     6.5867    286.906     6.5077  0.0950073 1.7005e+00          1         39 0.0000e+00
   40.22415  -70.87912     9.0775   3.505087    32.7272     26.044     25.842     9.0164   3.496595    32.6952    81.4750     1.2071      11.49 6.1985e-06     6.4987    283.064     6.3961 -0.0487466 1.7005e+00          1         54 0.0000e+00
   40.22414  -70.87912     9.1014   3.508061    32.7357     26.951     26.742     9.0899   3.506299    32.7280    81.6834     1.2382      12.43 1.3947e-05     6.4266    279.922     6.3584 -0.4157616 1.7005e+00          1         48 0.0000e+00
   40.22414  -70.87910     9.1270   3.512148    32.7540     28.032     27.815     9.1182   3.511268    32.7530    82.2305     1.0556       0.98 8.5826e-06     6.4008    278.794     6.3474  0.0926578 1.7005e+00          1         39 0.0000e+00
   40.22413  -70.87910     9.1699   3.517671    32.7714     28.971     28.747     9.1533   3.515282    32.7619    82.6270     1.0428       0.33 2.0553e-05     6.3494    276.553     6.2776  0.0931936 1.7005e+00          1         57 0.0000e+00
   40.22412  -70.87908     9.1435   3.516420    32.7822     29.975     29.743     9.1571   3.518037    32.7865    83.0299     0.9545       6.66 1.5215e-05     6.3084    274.764     6.2446  0.0926578 1.7005e+00          1         44 0.0000e+00
   40.22411  -70.87907     8.9342   3.496468    32.7674     31.019     30.778     9.0055   3.503869    32.7786    83.4095     0.9000      15.60 1.2631e-05     6.2707    273.118     6.2009  0.9006158 1.7005e+00          1         53 0.0000e+00
   40.22410  -70.87906     8.7600   3.478679    32.7422     32.002     31.754     8.7932   3.482827    32.7549    83.6003     0.8733      12.64 6.9733e-06     6.2151    270.694     6.1407 -0.1879591 1.7005e+00          1         48 0.0000e+00
   40.22409  -70.87906     8.6234   3.465864    32.7340     32.947     32.691     8.6883   3.472041    32.7387    83.8710     0.8805      22.86 9.4732e-06     6.1924    269.701     6.1179  0.2926303 1.7005e+00          1         53 0.0000e+00
   40.22408  -70.87904     8.7127   3.485711    32.8587     34.001     33.737     8.7101   3.484718    32.8508    84.0894     0.8904       0.44 8.1639e-06     6.1596    268.250     6.0909  1.2048826 1.7005e+00          1         41 0.0000e+00
   40.22408  -70.87903     8.6629   3.483890    32.8854     35.050     34.778     8.6776   3.483979    32.8728    84.3234     0.9259      68.67 3.0993e-06     6.1005    265.668     6.0350  2.1407588 1.7005e+00          1         54 0.0000e+00
   40.22408  -70.87902     8.7409   3.496468    32.9442     36.012     35.732     8.7132   3.491776    32.9208    83.8836     0.9947      97.55 1.0000e-12     6.0012    261.336     5.9706  2.5044296 1.7005e+00          1         53 0.0000e+00
   40.22406  -70.87902     8.8200   3.507306    32.9835     36.969     36.682     8.8002   3.504433    32.9719    83.9444     0.9583      84.10 3.6383e-06     5.9769    260.272     5.9586  3.1655840 1.7005e+00          1         46 0.0000e+00
   40.22406  -70.87900     8.9474   3.522305    33.0211     38.035     37.739     8.9093   3.517829    33.0098    83.9477     0.9037      77.02 1.0000e-12     5.9471    258.974     5.9305  2.0951225 1.7005e+00          1         57 0.0000e+00
   40.22405  -70.87900     9.0206   3.531877    33.0523     38.962     38.659     9.0047   3.529592    33.0432    83.9633     0.8880      94.83 1.0000e-12     5.9347    258.430     5.9089  2.3493946 1.7005e+00          1         44 0.0000e+00
   40.22404  -70.87899     9.1800   3.553630    33.1295     40.043     39.731     9.1410   3.548278    33.1103    80.4248     0.8467      93.90 1.0000e-12     5.9351    258.440     5.9129  2.5772202 1.7005e+00          1         55 0.0000e+00
   40.22403  -70.87898     9.2843   3.570519    33.2070     40.996     40.677     9.2701   3.568172    33.1958    81.5702     0.6804      92.31 1.0000e-12     5.9333    258.350     5.9153  2.5261657 1.7005e+00          1         46 0.0000e+00
   40.22402  -70.87896    11.2623   3.582466    32.7257     41.972     41.645     9.3377   3.579694    33.2516    64.7162     0.5329      90.95 1.0000e-12     5.1748    224.008     5.8691  3.4361794 1.7005e+00          1         47 0.0000e+00
   40.22402  -70.87896     9.4709   3.598727    33.3235     43.125     42.789     9.4478   3.595639    33.3132    71.2075     0.4390      90.89 1.0000e-12     5.8122    253.059     5.7981  2.6950640 1.7005e+00          1         54 0.0000e+00
   40.22400  -70.87895     9.5234   3.606664    33.3560     43.839     43.498     9.5064   3.604091    33.3453    82.3621     0.4318      77.83 1.0000e-12     5.7670    251.090     5.7478  2.0718667 1.7005e+00          1         55 0.0000e+00
   40.22400  -70.87894     9.6029   3.618243    33.4007     44.995     44.644     9.6026   3.618354    33.4020    84.6383     0.3495      92.91 1.0000e-12     5.7466    250.194     5.7471  2.9679452 1.7005e+00          1         29 0.0000e+00
   40.22400  -70.87893     9.7141   3.630952    33.4270     45.946     45.588     9.6711   3.626103    33.4173    82.8727     0.3722      86.63 1.0000e-12     5.7149    248.813     5.7056  2.8895556 1.7005e+00          1         77 0.0000e+00
   40.22399  -70.87892    10.0494   3.674193    33.5561     47.027     46.661    10.0262   3.669992    33.5350    85.3543     0.3451      88.08 1.0000e-12     5.6640    246.588     5.6696  3.3356425 1.7005e+00          1         34 0.0000e+00
   40.22398  -70.87892    10.5556   3.735742    33.7087     48.048     47.673    10.2625   3.699667    33.6164    83.1046     0.4957      84.77 1.0000e-12     5.6490    245.927     5.6885  3.0598687 1.7005e+00          1         61 0.0000e+00
   40.22398  -70.87890    10.8602   3.772882    33.7988     48.940     48.558    10.8051   3.764367    33.7645    83.0956     0.5694      83.83 1.0000e-12     5.6722    246.933     5.6061  0.6869441 1.7005e+00          1         35 0.0000e+00
   40.22397  -70.87890    11.2664   3.821232    33.9039     50.181     49.789    11.1950   3.812827    33.8866    85.5805     0.5966      82.84 1.0000e-12     5.7287    249.392     5.7586  1.5090595 1.7005e+00          1         83 0.0000e+00
   40.22396  -70.87889    11.4550   3.843790    33.9531     50.936     50.538    11.3672   3.831566    33.9132    84.9754     0.6611      81.14 1.0000e-12     5.6531    246.097     5.6250  2.1914220 1.7005e+00          1         35 0.0000e+00
   40.22395  -70.87888    11.9880   3.916755    34.1753     52.035     51.629    11.8214   3.891119    34.0794    85.6785     0.5877      83.25 1.0000e-12     5.6337    245.238     5.6553  1.4171961 1.7005e+00          1         41 0.0000e+00
   40.22394  -70.87886    12.7709   4.020972    34.4664     52.924     52.511    12.6254   3.999609    34.3943    85.8286     0.6557      78.43 1.0000e-12     5.6576    246.259     5.6820  0.5602487 1.7005e+00          1         55 0.0000e+00
   40.22394  -70.87886    13.2683   4.085048    34.6223     53.973     53.551    13.2328   4.079659    34.6034    86.0042     0.6279      78.97 1.0000e-12     5.5968    243.606     5.6507 -0.3238423 1.7005e+00          1         44 0.0000e+00
   40.22392  -70.87885    13.1791   4.075989    34.6173     55.053     54.623    13.1909   4.077868    34.6243    86.0956     0.6201      74.80 1.0000e-12     5.5521    241.661     5.5514  0.1957416 1.7005e+00          1         56 0.0000e+00
   40.22392  -70.87884    12.8982   4.043842    34.5674     55.912     55.475    12.9407   4.049599    34.5835    86.1334     0.6407      75.53 1.0000e-12     5.5079    239.733     5.4999  0.9719163 1.7005e+00          1         47 0.0000e+00
   40.22392  -70.87882    11.9629   3.938412    34.4097     57.008     56.562    12.0083   3.945785    34.4394    86.3640     0.5065      77.05 1.0000e-12     5.5536    241.706     5.5244  1.2733993 1.7005e+00          1         38 0.0000e+00
   40.22390  -70.87882    11.8920   3.930046    34.3932     57.950     57.497    11.9105   3.932295    34.3981    86.5905     0.3945      73.28 1.0000e-12     5.4622    237.730     5.3875  1.2097524 1.7005e+00          1         54 0.0000e+00
   40.22390  -70.87880    11.9163   3.936057    34.4290     59.056     58.594    11.9090   3.934288    34.4185    87.1316     0.2342      73.14 1.0000e-12     5.4555    237.430     5.4173  2.0921938 1.7005e+00          1         58 0.0000e+00
   40.22388  -70.87880    11.8983   3.935522    34.4400     59.910     59.441    11.9042   3.935974    34.4390    87.2056     0.2215      71.37 1.0000e-12     5.3825    234.251     5.3447  2.2029253 1.7005e+00          1         44 0.0000e+00
   40.22388  -70.87878    11.8489   3.933633    34.4668     61.023     60.545    11.8449   3.932782    34.4622    87.3370     0.1872      72.38 1.0000e-12     5.3524    232.935     5.3594  2.7248677 1.7005e+00          1         39 0.0000e+00
   40.22386  -70.87878    11.8623   3.936639    34.4834     61.932     61.447    11.8621   3.936044    34.4778    87.3646     0.1829      68.73 1.0000e-12     5.3314    232.018     5.3194  3.1801537 1.7005e+00          1         70 0.0000e+00
   40.22386  -70.87876    11.8673   3.938819    34.4996     62.996     62.503    11.8696   3.939206    34.5013    87.3525     0.1627      69.40 1.0000e-12     5.3096    231.067     5.3052  3.1614156 1.7005e+00          1         36 0.0000e+00
   40.22384  -70.87875    11.6722   3.919723    34.4933     64.143     63.640    11.7066   3.923405    34.4975    87.1585     0.1208      67.21 1.0000e-12     5.2751    229.558     5.2574  3.9325156 1.7005e+00          1         71 0.0000e+00
   40.22384  -70.87874    11.6166   3.915158    34.4998     64.912     64.403    11.6240   3.916123    34.5024    87.0619     0.1129      65.80 1.0000e-12     5.1954    226.085     5.1908  3.3141323 1.7005e+00          1         36 0.0000e+00
   40.22382  -70.87874    11.5519   3.910293    34.5118     66.015     65.497    11.5503   3.910178    34.5122    87.0381     0.0861      68.80 1.0000e-12     5.1874    225.734     5.1852  4.0012805 1.7005e+00          1         33 0.0000e+00
