en655/en655_009_1db.cnv
* Sea-Bird SBE 9 Data File:
* FileName = D:\ctd\raw\EN655_009.hex
* Software Version Seasave V 7.26.7.121
* Temperature SN = 4130
* Conductivity SN = 2822
* Number of Bytes Per Scan = 40
* Number of Voltage Words = 5
* Number of Scans Averaged by the Deck Unit = 1
* NMEA Latitude = 40 41.68 N
* NMEA Longitude = 070 59.62 W
* NMEA UTC (Time) = Jul 26 2020  15:51:13
* NMEA baud rate = 4800
** Ship: R/V Endeavor
** Cruise: EN655
** Principal Investigator: Heidi Sosik
** Chief Scientist: Heidi Sosik
** Project: NES-LTER transect
** Dates: 25 - 30 Jul 2020
** Narragansett to Narragansett, Rhode Island
** Station:  d4a
** Bottom Depth: 64
** Operator:  Pierre
# nquan = 22
# nvalues = 113                         
# units = specified
# name 0 = latitude: Latitude [deg]
# name 1 = longitude: Longitude [deg]
# name 2 = t090C: Temperature [ITS-90, deg C]
# name 3 = c0S/m: Conductivity [S/m]
# name 4 = sal00: Salinity, Practical [PSU]
# name 5 = prDM: Pressure, Digiquartz [db]
# name 6 = depSM: Depth [salt water, m]
# name 7 = t190C: Temperature, 2 [ITS-90, deg C]
# name 8 = c1S/m: Conductivity, 2 [S/m]
# name 9 = sal11: Salinity, Practical, 2 [PSU]
# name 10 = CStarTr0: Beam Transmission, WET Labs C-Star [%]
# name 11 = flECO-AFL: Fluorescence, WET Labs ECO-AFL/FL [mg/m^3]
# name 12 = altM: Altimeter [m]
# name 13 = par: PAR/Irradiance, Biospherical/Licor [umol photons/m^2/sec]
# name 14 = sbeox0ML/L: Oxygen, SBE 43 [ml/l]
# name 15 = sbox0Mm/Kg: Oxygen, SBE 43 [umol/kg]
# name 16 = sbeox1ML/L: Oxygen, SBE 43, 2 [ml/l]
# name 17 = upoly0: Upoly 0, SUNA
# name 18 = spar: SPAR, Biospherical/Licor [umol photons/m^2/sec]
# name 19 = pumps: Pump Status
# name 20 = nbin: number of scans per bin
# name 21 = flag: flag
# span 0 =   40.69325,   40.69464       
# span 1 =  -70.99507,  -70.99380       
# span 2 =     7.9049,    24.3345       
# span 3 =   3.389043,   4.802401       
# span 4 =    31.7323,    32.5971       
# span 5 =      1.302,     60.568       
# span 6 =      1.292,     60.091       
# span 7 =     7.9051,    24.3303       
# span 8 =   3.389019,   4.801395       
# span 9 =    31.7288,    32.5972       
# span 10 =    75.2880,    85.4229      
# span 11 =     0.1900,     1.4025      
# span 12 =       3.48,      62.76      
# span 13 = 2.7640e-01, 1.9426e+03      
# span 14 =     4.6467,     7.9696      
# span 15 =    202.397,    347.350      
# span 16 =     4.6395,     7.7906      
# span 17 = -1.0973269,  5.1752252      
# span 18 = 1.3101e+03, 3.0754e+03      
# span 19 =          1,          1      
# span 20 =         34,       1573      
# span 21 = 0.0000e+00, 0.0000e+00      
# interval = decibars: 1                
# start_time = Jul 26 2020 15:51:13 [NMEA time, header]
# bad_flag = -9.990e-29
*END*
[from data line 66]
   40.69422  -70.99454     7.9519   3.389221    32.5408     47.060     46.691     7.9474   3.389136    32.5440    82.7697     0.2517      17.01 2.5249e+00     5.0071    218.090     4.9644  3.3837033 2.9203e+03          1         88 0.0000e+00
   40.69422  -70.99454     7.9577   3.389364    32.5374     45.987     45.627     7.9514   3.389209    32.5416    83.0246     0.2652      17.93 2.8523e+00     5.0182    218.571     4.9590  2.2968693 2.7502e+03          1         54 0.0000e+00
   40.69422  -70.99454     7.9619   3.389549    32.5359     45.010     44.657     7.9519   3.389240    32.5419    83.3825     0.3432      19.00 2.8639e+00     5.0378    219.429     4.9698  2.3118620 2.2055e+03          1         73 0.0000e+00
   40.69421  -70.99454     7.9820   3.390502    32.5278     44.011     43.667     7.9600   3.389559    32.5382    83.7445     0.4068      19.98 2.6241e+00     5.0499    219.956     4.9740  1.4661828 2.0177e+03          1         66 0.0000e+00
   40.69420  -70.99454     7.9955   3.391291    32.5241     43.090     42.753     7.9733   3.390153    32.5326    83.8746     0.3437      21.05 2.9966e+00     5.1041    222.320     4.9898  2.2869561 2.0006e+03          1         76 0.0000e+00
   40.69420  -70.99456     8.0359   3.394057    32.5165     41.949     41.621     8.0407   3.394358    32.5152    84.1840     0.2181      22.14 3.1004e+00     5.0907    221.737     5.0280  2.8562030 1.8071e+03          1         73 0.0000e+00
   40.69420  -70.99456     8.0907   3.397628    32.5041     40.938     40.618     8.0865   3.397403    32.5056    84.1133     0.2049      23.11 3.5749e+00     5.0064    218.066     4.9311  2.0637217 2.1401e+03          1         60 0.0000e+00
   40.69420  -70.99456     8.1375   3.400440    32.4909     40.117     39.803     8.1100   3.398872    32.4997    84.3031     0.4018      23.99 4.8394e+00     4.8788    212.514     4.7953 -0.0721979 2.6672e+03          1         78 0.0000e+00
   40.69418  -70.99456     8.2085   3.404911    32.4730     39.031     38.725     8.1948   3.404151    32.4777    84.4912     0.6380      25.14 6.0117e+00     4.9847    217.132     4.8624  0.6030416 2.6689e+03          1         69 0.0000e+00
   40.69418  -70.99456     8.2382   3.406734    32.4653     37.979     37.682     8.2343   3.406460    32.4660    84.8740     0.7363      26.29 6.4550e+00     5.3343    232.363     5.1358  0.7899188 2.3658e+03          1         70 0.0000e+00
   40.69418  -70.99457     8.2830   3.409590    32.4546     37.014     36.725     8.2484   3.407501    32.4644    84.7838     0.7841      27.23 8.0473e+00     5.5367    241.181     5.3945  0.5059186 2.8631e+03          1         66 0.0000e+00
   40.69418  -70.99458     8.3496   3.414310    32.4434     36.129     35.847     8.2728   3.409060    32.4588    85.0030     0.9120      28.12 9.5897e+00     5.7567    250.773     5.5062 -0.3635592 2.9974e+03          1         79 0.0000e+00
   40.69416  -70.99458     8.4159   3.419264    32.4351     34.860     34.588     8.4075   3.418569    32.4355    85.0590     0.8583      29.46 1.1105e+01     5.9999    261.371     5.7492  0.0695641 3.0237e+03          1         82 0.0000e+00
   40.69416  -70.99458     8.4197   3.419491    32.4343     34.028     33.762     8.4212   3.419532    32.4334    85.1725     0.8317      30.28 1.2208e+01     6.1251    266.825     6.0724  0.0750367 3.0229e+03          1         52 0.0000e+00
   40.69411  -70.99462     8.5127   3.425470    32.4121     33.198     32.939     8.5094   3.425354    32.4139    84.9284     0.8168      31.17 1.0316e+01     6.0486    263.499     5.9470  0.0714369 2.2392e+03          1        249 0.0000e+00
   40.69406  -70.99465     8.5492   3.427725    32.4028     31.973     31.724     8.5383   3.427149    32.4067    84.8418     0.9882      32.27 1.0389e+01     5.9626    259.755     5.9001  0.0751621 2.0140e+03          1        103 0.0000e+00
   40.69400  -70.99469     8.7184   3.441384    32.3911     31.264     31.021     8.7112   3.440840    32.3920    84.0264     1.1490      33.10 1.0899e+01     5.6307    245.303     5.5479 -0.0657676 1.8829e+03          1       1573 0.0000e+00
   40.69394  -70.99474     8.7200   3.441005    32.3862     30.040     29.806     8.7190   3.441047    32.3876    83.8254     1.2168      34.08 9.9530e+00     5.9157    257.721     5.7342  0.0080091 1.4617e+03          1         70 0.0000e+00
   40.69393  -70.99476     8.7269   3.441223    32.3827     28.953     28.728     8.7269   3.441048    32.3808    83.8174     1.3909      35.17 1.1515e+01     5.9329    258.475     5.8071  0.0887587 1.5246e+03          1         47 0.0000e+00
   40.69392  -70.99476     8.7356   3.441671    32.3797     28.222     28.002     8.7297   3.441211    32.3803    83.6702     1.3692      36.13 1.2377e+01     5.9451    259.004     5.8799  0.0866981 1.4219e+03          1         82 0.0000e+00
   40.69391  -70.99476     8.7970   3.446309    32.3727     26.757     26.548     8.7909   3.445780    32.3727    83.6384     1.0054      37.71 1.4302e+01     6.0672    264.330     5.9676 -0.2552309 1.3636e+03          1        100 0.0000e+00
   40.69390  -70.99476     9.0288   3.465282    32.3590     26.068     25.865     8.8656   3.451624    32.3657    83.7073     0.9262      38.31 1.5251e+01     6.1898    269.681     6.0449  0.0878352 1.3433e+03          1         38 0.0000e+00
   40.69390  -70.99476     9.0215   3.464961    32.3627     25.001     24.806     8.9755   3.461059    32.3641    83.8215     0.8899      39.60 1.7414e+01     6.4258    279.962     6.2592  0.0914111 1.3269e+03          1         98 0.0000e+00
   40.69388  -70.99477     9.1856   3.479061    32.3600     23.914     23.728     9.1224   3.473896    32.3640    84.0017     0.8985      40.55 1.9849e+01     6.6646    290.376     6.4284  0.0918746 1.3101e+03          1         78 0.0000e+00
   40.69388  -70.99478     9.3661   3.494883    32.3600     22.923     22.745     9.2410   3.484524    32.3666    84.0884     0.9482      41.46 2.2426e+01     6.7987    296.226     6.5835 -0.2939932 1.3203e+03          1         88 0.0000e+00
   40.69386  -70.99478     9.5010   3.507648    32.3695     22.068     21.896     9.3535   3.494317    32.3660    84.0880     0.9513      42.27 2.5441e+01     6.9579    303.168     6.7968  0.0926578 1.3762e+03          1         52 0.0000e+00
   40.69386  -70.99478     9.6858   3.524217    32.3727     21.141     20.977     9.5972   3.515919    32.3678    83.9174     1.0070      43.36 2.9724e+01     7.0803    308.507     6.9053  0.0950301 1.4574e+03          1        103 0.0000e+00
   40.69384  -70.99478     9.8462   3.538446    32.3739     19.908     19.753     9.8415   3.537819    32.3718    83.6455     1.0490      44.41 4.2956e+01     7.2066    314.018     6.9957 -0.3492026 2.0734e+03          1         75 0.0000e+00
   40.69384  -70.99476    10.1012   3.560290    32.3671     18.977     18.829     9.9517   3.547790    32.3746    83.1429     1.1156      45.43 5.8901e+01     7.3051    318.326     7.1913  0.0990682 2.7836e+03          1         81 0.0000e+00
   40.69384  -70.99477    10.2819   3.576938    32.3740     17.981     17.842     9.9835   3.551303    32.3822    82.8926     1.0982      46.34 6.3353e+01     7.5361    328.401     7.2571  0.1067284 2.4866e+03          1         89 0.0000e+00
   40.69382  -70.99477    10.5541   3.601219    32.3756     17.005     16.873    10.3734   3.584875    32.3726    82.8083     1.0983      47.30 5.7729e+01     7.6151    331.858     7.2631  0.0617327 1.9067e+03          1         80 0.0000e+00
   40.69382  -70.99477    10.7642   3.619721    32.3742     16.055     15.931    10.5797   3.603104    32.3721    82.7049     1.0534      48.30 6.9675e+01     7.7446    337.512     7.5725 -0.1857320 2.2845e+03          1         96 0.0000e+00
   40.69381  -70.99478    10.9358   3.634441    32.3691     14.913     14.797    10.9383   3.634900    32.3714    82.2533     1.0452      49.44 8.3544e+01     7.7890    339.457     7.5743  0.1217582 2.4542e+03          1        127 0.0000e+00
   40.69376  -70.99481    12.1771   3.742796    32.3421     14.293     14.183    12.1021   3.736136    32.3428    81.2650     0.9848      50.01 8.7513e+01     7.8837    343.668     7.6641  0.0064406 2.5079e+03          1        553 0.0000e+00
   40.69365  -70.99487    12.8706   3.804494    32.3347     13.209     13.106    12.8578   3.803240    32.3336    80.6846     0.9777      51.06 1.1320e+02     7.8470    342.117     7.6180  0.0122297 2.7655e+03          1       1516 0.0000e+00
   40.69357  -70.99492    13.5085   3.860383    32.3173     12.034     11.941    13.3542   3.846594    32.3193    80.3258     0.9876      51.95 1.4502e+02     7.7757    339.054     7.5632  0.1401238 3.0754e+03          1         74 0.0000e+00
   40.69356  -70.99492    13.9633   3.898881    32.2910     11.143     11.057    13.5319   3.862157    32.3145    80.2245     1.0072      53.10 1.3855e+02     7.7192    336.624     7.5146 -0.1616945 1.7978e+03          1        116 0.0000e+00
   40.69355  -70.99492    14.3400   3.933766    32.2965     10.061      9.984    13.9298   3.896417    32.2972    79.5827     1.1146      54.25 1.6780e+02     7.6228    332.447     7.4795  0.1435634 1.8738e+03          1         99 0.0000e+00
   40.69354  -70.99493    16.0139   4.069656    32.1398      9.113      9.042    14.4365   3.940083    32.2745    77.9612     1.2158      55.12 2.1787e+02     7.4359    324.445     7.3998  0.1448360 2.6203e+03          1         96 0.0000e+00
   40.69352  -70.99494    18.0758   4.246966    32.0247      8.222      8.158    16.6247   4.124930    32.1313    77.3990     1.0687      56.11 2.1312e+02     7.0907    309.555     7.1514 -0.1714855 1.7930e+03          1        108 0.0000e+00
   40.69352  -70.99494    18.8404   4.313931    31.9906      7.081      7.026    18.3154   4.268364    32.0182    77.7681     0.9056      57.15 2.3266e+02     6.5958    288.012     6.6659  0.1346876 1.7899e+03          1        117 0.0000e+00
   40.69350  -70.99494    21.6000   4.547592    31.7881      6.013      5.966    21.7124   4.559366    31.7977    79.0098     0.4670      58.15 2.9908e+02     6.1078    266.929     5.9107 -0.1603780 2.0615e+03          1        116 0.0000e+00
   40.69350  -70.99495    23.3598   4.708936    31.7475      5.074      5.034    23.1282   4.687646    31.7530    80.6923     0.3952      59.05 3.3920e+02     5.5318    241.884     5.4173  0.1258700 1.7117e+03          1        103 0.0000e+00
   40.69348  -70.99496    23.6628   4.737242    31.7439      3.953      3.923    23.5086   4.722856    31.7460    80.7598     0.3634      60.37 4.5434e+02     5.3902    235.713     5.2442  0.1259041 1.8103e+03          1        113 0.0000e+00
   40.69348  -70.99496    24.0725   4.774728    31.7323      2.984      2.960    23.9234   4.760037    31.7288    81.5419     0.3486      61.06 6.7512e+02     5.2577    229.947     5.0644 -0.2226482 1.8613e+03          1         99 0.0000e+00
   40.69346  -70.99498    24.1610   4.784632    31.7434      2.046      2.030    24.1632   4.783711    31.7349    81.7935     0.3192      62.21 9.4604e+02     5.2125    227.974     5.0205  0.1286369 1.9100e+03          1        118 0.0000e+00
   40.69325  -70.99507    24.3345   4.802401    31.7524      1.302      1.292    24.3303   4.801395    31.7479    81.8677     0.3061      62.76 1.9426e+03     5.1802    226.568     4.9706 -0.0195237 1.9049e+03          1        538 0.0000e+00
