en655/en655_016_1db.cnv
* Sea-Bird SBE 9 Data File:
* FileName = D:\ctd\raw\EN655_016.hex
* Software Version Seasave V 7.26.7.121
* Temperature SN = 4130
* Conductivity SN = 2822
* Number of Bytes Per Scan = 40
* Number of Voltage Words = 5
* Number of Scans Averaged by the Deck Unit = 1
* NMEA Latitude = 40 22.05 N
* NMEA Longitude = 070 52.47 W
* NMEA UTC (Time) = Jul 28 2020  01:54:37
* NMEA baud rate = 4800
** Ship: R/V Endeavor
** Cruise: EN655
** Principal Investigator: Heidi Sosik
** Chief Scientist: Heidi Sosik
** Project: NES-LTER transect
** Dates: 25 - 30 Jul 2020
** Narragansett to Narragansett, Rhode Island
** Station:  L6
** Bottom Depth:
** Operator:
# nquan = 22
# nvalues = 125                         
# units = specified
# name 0 = latitude: Latitude [deg]
# name 1 = longitude: Longitude [deg]
# name 2 = t090C: Temperature [ITS-90, deg C]
# name 3 = c0S/m: Conductivity [S/m]
# name 4 = sal00: Salinity, Practical [PSU]
# name 5 = prDM: Pressure, Digiquartz [db]
# name 6 = depSM: Depth [salt water, m]
# name 7 = t190C: Temperature, 2 [ITS-90, deg C]
# name 8 = c1S/m: Conductivity, 2 [S/m]
# name 9 = sal11: Salinity, Practical, 2 [PSU]
# name 10 = CStarTr0: Beam Transmission, WET Labs C-Star [%]
# name 11 = flECO-AFL: Fluorescence, WET Labs ECO-AFL/FL [mg/m^3]
# name 12 = altM: Altimeter [m]
# name 13 = par: PAR/Irradiance, Biospherical/Licor [umol photons/m^2/sec]
# name 14 = sbeox0ML/L: Oxygen, SBE 43 [ml/l]
# name 15 = sbox0Mm/Kg: Oxygen, SBE 43 [umol/kg]
# name 16 = sbeox1ML/L: Oxygen, SBE 43, 2 [ml/l]
# name 17 = upoly0: Upoly 0, SUNA
# name 18 = spar: SPAR, Biospherical/Licor [umol photons/m^2/sec]
# name 19 = pumps: Pump Status
# name 20 = nbin: number of scans per bin
# name 21 = flag: flag
# span 0 =   40.36684,   40.36749       
# span 1 =  -70.87446,  -70.87210       
# span 2 =     7.7814,    25.0376       
# span 3 =   3.392983,   4.892353       
# span 4 =    31.9158,    34.6018       
# span 5 =      2.673,     90.650       
# span 6 =      2.653,     89.932       
# span 7 =     7.7765,    25.0369       
# span 8 =   3.392672,   4.892438       
# span 9 =    31.9156,    34.6022       
# span 10 =    77.7897,    86.4335      
# span 11 =     0.0040,     2.5764      
# span 12 =       2.56,      85.42      
# span 13 = 1.0000e-12, 3.1125e+00      
# span 14 =     4.6379,     7.8206      
# span 15 =    201.799,    340.835      
# span 16 =     4.5859,     7.6376      
# span 17 = -0.9329004,  8.9705903      
# span 18 = 1.7005e+00, 1.7005e+00      
# span 19 =          1,          1      
# span 20 =          7,        744      
# span 21 = 0.0000e+00, 0.0000e+00      
# interval = decibars: 1                
# start_time = Jul 28 2020 01:54:37 [NMEA time, header]
# bad_flag = -9.990e-29
*END*
[from data line 66]
   40.36716  -70.87360     8.4315   3.499363    33.2494     68.945     68.403     8.4324   3.498682    33.2413    83.9861     0.0175      25.52 1.0000e-12     5.3215    231.671     5.3181  6.7106372 1.7005e+00          1         40 0.0000e+00
   40.36716  -70.87358     8.5280   3.513136    33.3030     70.045     69.495     8.5169   3.511307    33.2943    83.9820     0.0147      24.60 1.0000e-12     5.3219    231.685     5.3633  7.0626493 1.7005e+00          1         40 0.0000e+00
   40.36716  -70.87357     9.9592   3.531503    32.9781     71.047     70.488     8.6464   3.528793    33.3557    83.5557     0.0145      23.01 1.0000e-12     4.6765    202.316     5.3474  7.6594193 1.7005e+00          1         65 0.0000e+00
   40.36716  -70.87356     8.7582   3.542536    33.3940     71.939     71.373     8.7423   3.540214    33.3847    83.1955     0.0172      22.12 1.0000e-12     5.2456    228.356     5.2622  7.1101612 1.7005e+00          1         45 0.0000e+00
   40.36716  -70.87356     8.8553   3.554624    33.4286     73.005     72.430     8.8449   3.553183    33.4233    82.6255     0.0168      21.81 1.0000e-12     5.2170    227.109     5.2418  7.1916718 1.7005e+00          1         33 0.0000e+00
   40.36716  -70.87354     9.2064   3.600944    33.5796     74.023     73.440     9.1302   3.590278    33.5407    82.4818     0.0205      19.93 1.0000e-12     5.1534    224.326     5.1860  6.9383729 1.7005e+00          1         61 0.0000e+00
   40.36716  -70.87354     9.5807   3.649836    33.7324     74.933     74.343     9.5245   3.638971    33.6733    84.9485     0.0152      19.01 1.0000e-12     5.1354    223.527     5.1695  6.3533495 1.7005e+00          1         44 0.0000e+00
   40.36716  -70.87353     9.9174   3.693905    33.8672     76.067     75.467     9.8952   3.690249    33.8507    85.8461     0.0143      18.33 1.0000e-12     5.2791    229.770     5.3615  4.8268764 1.7005e+00          1         37 0.0000e+00
   40.36716  -70.87352    10.0710   3.714485    33.9324     76.973     76.366    10.0333   3.709299    33.9150    85.7962     0.0115      16.66 1.0000e-12     5.3895    234.573     5.4381  4.9100668 1.7005e+00          1         76 0.0000e+00
   40.36716  -70.87352    10.1344   3.723336    33.9625     77.963     77.349    10.1262   3.722011    33.9567    85.8397     0.0110      16.10 1.0000e-12     5.2483    228.421     5.2701  5.0735726 1.7005e+00          1         39 0.0000e+00
   40.36716  -70.87351    10.2284   3.735943    34.0018     79.035     78.412    10.2182   3.734401    33.9958    85.5882     0.0186      15.25 1.0000e-12     5.2095    226.730     5.2383  6.0634191 1.7005e+00          1         33 0.0000e+00
   40.36716  -70.87350    10.4532   3.767915    34.1138     79.992     79.361    10.4355   3.764658    34.0975    85.2778     0.0040      13.59 1.0000e-12     5.1447    223.898     5.1494  5.4479244 1.7005e+00          1         57 0.0000e+00
   40.36714  -70.87348    10.7732   3.814952    34.2862     80.959     80.320    10.7370   3.808433    34.2547    83.9918     0.0085      12.85 1.0000e-12     5.0247    218.659     5.0487  6.0764586 1.7005e+00          1         34 0.0000e+00
   40.36714  -70.87348    10.9929   3.848662    34.4168     81.912     81.265    10.9634   3.843835    34.3963    82.9618     0.0122      11.63 1.0000e-12     4.8940    212.961     4.9056  6.0576601 1.7005e+00          1         81 0.0000e+00
   40.36714  -70.87348    11.1184   3.867210    34.4834     82.997     82.342    11.1064   3.865062    34.4732    81.1361     0.0107      10.97 1.0000e-12     4.7238    205.547     4.7783  6.9008681 1.7005e+00          1         31 0.0000e+00
   40.36714  -70.87347    11.1843   3.876863    34.5170     84.063     83.399    11.1775   3.875785    34.5127    80.3406     0.0138       9.89 1.0000e-12     4.7427    206.366     4.7759  7.3169227 1.7005e+00          1         40 0.0000e+00
   40.36714  -70.87346    11.2188   3.882093    34.5362     85.049     84.377    11.2131   3.881302    34.5336    80.0684     0.0151       8.43 1.0000e-12     4.6921    204.166     4.7134  7.3574154 1.7005e+00          1         67 0.0000e+00
   40.36714  -70.87345    11.2465   3.886162    34.5502     85.926     85.247    11.2391   3.885133    34.5469    79.8496     0.0118       7.58 1.0000e-12     4.6731    203.338     4.6869  8.0240011 1.7005e+00          1         40 0.0000e+00
   40.36714  -70.87344    11.2848   3.891705    34.5686     87.202     86.512    11.2766   3.890708    34.5664    79.5453     0.0156       6.25 1.0000e-12     4.6672    203.076     4.6923  7.3258774 1.7005e+00          1         77 0.0000e+00
   40.36712  -70.87342    11.2946   3.893196    34.5739     87.924     87.229    11.2905   3.892705    34.5728    79.4063     0.0136       5.56 1.0000e-12     4.6583    202.692     4.6868  8.0106566 1.7005e+00          1         42 0.0000e+00
   40.36712  -70.87342    11.3216   3.897095    34.5867     89.060     88.356    11.3193   3.896881    34.5867    79.1855     0.0146       4.56 1.0000e-12     4.6618    202.843     4.6900  7.3260008 1.7005e+00          1         45 0.0000e+00
   40.36711  -70.87333    11.3282   3.898464    34.5936     89.954     89.243    11.3254   3.898231    34.5940    78.9668     0.0182       3.26 5.5823e-07     4.6461    202.156     4.6578  7.7750482 1.7005e+00          1        744 0.0000e+00
   40.36707  -70.87310    11.3435   3.900769    34.6018     90.650     89.932    11.3407   3.900547    34.6022    78.7579     0.0222       2.56 1.0000e-12     4.6410    201.934     4.6308  7.9880642 1.7005e+00          1        315 0.0000e+00
   40.36702  -70.87293    11.3391   3.900165    34.6002     90.166     89.453    11.3376   3.900105    34.6010    78.6526     0.0223       2.96 1.0000e-12     4.6379    201.799     4.6129  8.0070458 1.7005e+00          1        659 0.0000e+00
   40.36702  -70.87284    11.3339   3.899381    34.5979     88.908     88.205    11.3333   3.899431    34.5989    78.7081     0.0204       4.12 1.0000e-12     4.6398    201.885     4.5985  8.5494398 1.7005e+00          1         82 0.0000e+00
   40.36702  -70.87282    11.3302   3.898827    34.5962     88.033     87.337    11.3316   3.899170    34.5983    78.7854     0.0186       4.83 1.0000e-12     4.6392    201.855     4.5959  8.2643911 1.7005e+00          1         33 0.0000e+00
   40.36702  -70.87282    11.3211   3.897519    34.5923     86.918     86.231    11.3134   3.896702    34.5914    78.8810     0.0234       5.84 1.0000e-12     4.6471    202.200     4.5893  8.5104039 1.7005e+00          1         30 0.0000e+00
   40.36702  -70.87281    11.3217   3.897579    34.5926     86.248     85.566    11.3171   3.897050    34.5917    78.8534     0.0238       6.82 1.0000e-12     4.6462    202.162     4.5859  8.1317437 1.7005e+00          1         79 0.0000e+00
   40.36700  -70.87278    11.2993   3.894422    34.5829     84.968     84.297    11.2970   3.894477    34.5856    78.9283     0.0246       7.81 1.0000e-12     4.6504    202.347     4.6000  7.0814278 1.7005e+00          1         27 0.0000e+00
   40.36700  -70.87278    11.2797   3.891666    34.5743     84.065     83.401    11.2854   3.892488    34.5772    79.0531     0.0235       9.01 1.0000e-12     4.6500    202.327     4.5876  7.6881770 1.7005e+00          1         75 0.0000e+00
   40.36700  -70.87276    11.2485   3.887376    34.5616     83.005     82.350    11.2615   3.889203    34.5675    79.3110     0.0208       9.93 1.0000e-12     4.6589    202.716     4.5868  8.9705903 1.7005e+00          1         39 0.0000e+00
   40.36700  -70.87275    11.2483   3.886977    34.5583     82.018     81.371    11.2080   3.881950    34.5462    79.9793     0.0251      10.96 1.0000e-12     4.6671    203.074     4.5873  8.3218150 1.7005e+00          1         47 0.0000e+00
   40.36700  -70.87274    11.1828   3.877717    34.5283     80.971     80.332    11.2238   3.883536    34.5475    80.4483     0.0176      12.15 1.0000e-12     4.6698    203.193     4.5995  7.9157968 1.7005e+00          1         68 0.0000e+00
   40.36700  -70.87273    11.0116   3.852766    34.4410     80.017     79.386    11.0558   3.860280    34.4743    80.4600     0.0199      12.98 1.0000e-12     4.6915    204.147     4.6203  7.0295906 1.7005e+00          1         34 0.0000e+00
   40.36700  -70.87272    10.7461   3.812733    34.2903     78.826     78.204    10.7396   3.813896    34.3078    83.0549     0.0124      14.18 1.0000e-12     4.7318    205.911     4.6299  6.8732805 1.7005e+00          1         55 0.0000e+00
   40.36698  -70.87270    10.3764   3.760219    34.1089     78.118     77.502    10.5380   3.784000    34.1969    82.5631     0.0166      15.06 1.0000e-12     4.8748    212.153     4.8144  6.7524647 1.7005e+00          1         45 0.0000e+00
   40.36698  -70.87270    10.3927   3.761106    34.1031     76.987     76.380    10.3802   3.762047    34.1242    84.5367     0.0141      15.83 1.0000e-12     4.9215    214.186     4.8084  6.8223750 1.7005e+00          1         27 0.0000e+00
   40.36698  -70.87268    10.3074   3.750714    34.0786     75.958     75.360    10.3083   3.749428    34.0647    84.8296     0.0209      17.14 1.0000e-12     5.0640    220.388     4.9513  6.5509244 1.7005e+00          1         74 0.0000e+00
   40.36698  -70.87268    10.0173   3.711388    33.9520     75.039     74.448    10.1049   3.724169    33.9996    85.0030     0.0224      18.08 1.0000e-12     5.1005    221.989     5.0460  5.5293734 1.7005e+00          1         41 0.0000e+00
   40.36698  -70.87266     9.9963   3.708413    33.9419     73.988     73.406     9.9265   3.699410    33.9157    85.5993     0.0184      19.07 1.0000e-12     5.2212    227.240     5.0574  5.0612378 1.7005e+00          1         52 0.0000e+00
   40.36698  -70.87266     9.8384   3.686418    33.8660     73.062     72.487     9.8666   3.692353    33.8999    84.9627     0.0281      20.17 1.0000e-12     5.2652    229.163     5.1699  6.2204165 1.7005e+00          1         40 0.0000e+00
   40.36698  -70.87264     9.3380   3.620369    33.6581     71.950     71.383     9.3244   3.617855    33.6449    83.2642     0.0201      21.15 1.0000e-12     5.3177    231.468     5.2058  5.8943272 1.7005e+00          1         39 0.0000e+00
   40.36698  -70.87263     9.0566   3.584953    33.5561     71.061     70.502     9.4043   3.627897    33.6740    83.5522     0.0288      22.33 1.0000e-12     5.2207    227.251     5.0308  6.8968140 1.7005e+00          1         61 0.0000e+00
   40.36698  -70.87262     9.0201   3.577536    33.5138     70.003     69.452     8.9641   3.572209    33.5109    83.2485     0.0250      23.24 1.0000e-12     5.1509    224.222     5.1192  6.2810790 1.7005e+00          1         36 0.0000e+00
   40.36696  -70.87260     8.8568   3.556450    33.4479     69.026     68.483     8.8909   3.560553    33.4587    83.4048     0.0237      24.53 1.0000e-12     5.1897    225.917     5.0257  7.0188845 1.7005e+00          1         73 0.0000e+00
   40.36696  -70.87258     8.5780   3.520597    33.3354     68.019     67.484     8.6144   3.526468    33.3628    83.6030     0.0271      25.21 1.0000e-12     5.2337    227.841     5.1624  7.1481707 1.7005e+00          1         25 0.0000e+00
   40.36696  -70.87258     8.4636   3.504844    33.2779     66.938     66.412     8.4141   3.498561    33.2583    83.5087     0.0279      26.10 1.0000e-12     5.2177    227.151     5.1036  7.5622027 1.7005e+00          1         27 0.0000e+00
   40.36696  -70.87257     8.6950   3.524360    33.2657     65.922     65.405     8.5949   3.514227    33.2534    83.7458     0.0551      28.03 1.0000e-12     5.2840    230.047     5.1433  7.6043772 1.7005e+00          1        110 0.0000e+00
   40.36692  -70.87239     8.9319   3.538708    33.1940     65.277     64.764     8.9294   3.539093    33.2004    85.4328     0.1142      28.35 1.0000e-12     5.6523    246.104     5.5152  5.4344854 1.7005e+00          1        225 0.0000e+00
   40.36686  -70.87220     9.0289   3.546208    33.1823     63.857     63.356     9.0210   3.545374    33.1809    85.9757     0.1852      29.55 1.0000e-12     5.7425    250.038     5.5835  5.3000633 1.7005e+00          1         65 0.0000e+00
   40.36686  -70.87219     8.8479   3.522624    33.1054     63.133     62.637     8.9630   3.537566    33.1540    85.9517     0.1604      30.53 1.0000e-12     5.7643    250.991     5.5945  5.5891321 1.7005e+00          1         46 0.0000e+00
   40.36684  -70.87218     8.7547   3.510741    33.0688     61.981     61.494     8.7522   3.513347    33.0981    85.7666     0.1176      31.29 1.0000e-12     5.7435    250.090     5.5976  6.0722567 1.7005e+00          1         31 0.0000e+00
   40.36684  -70.87216     8.7118   3.506256    33.0622     61.094     60.615     8.7486   3.510084    33.0680    85.7778     0.0915      32.74 1.0000e-12     5.7810    251.724     5.5715  5.2762999 1.7005e+00          1         70 0.0000e+00
   40.36684  -70.87215     8.3500   3.463275    32.9486     59.983     59.513     8.4574   3.478208    33.0058    85.1184     0.0847      33.41 1.0000e-12     5.8346    254.068     5.6503  6.1297080 1.7005e+00          1         29 0.0000e+00
   40.36684  -70.87214     8.2242   3.448002    32.9056     58.855     58.394     8.1831   3.442637    32.8871    84.6411     0.0922      34.96 1.0000e-12     5.7462    250.222     5.5144  6.0020441 1.7005e+00          1         61 0.0000e+00
   40.36684  -70.87213     7.9757   3.418720    32.8277     58.072     57.617     8.1438   3.438646    32.8820    84.9625     0.0998      36.02 1.0000e-12     5.7731    251.398     5.5468  5.9515502 1.7005e+00          1         45 0.0000e+00
   40.36684  -70.87211     7.9132   3.410461    32.7989     56.969     56.523     7.9209   3.412269    32.8109    84.8778     0.0987      36.62 1.0000e-12     5.7282    249.444     5.5453  6.3012120 1.7005e+00          1         37 0.0000e+00
   40.36684  -70.87210     7.8332   3.401428    32.7779     56.034     55.595     7.9100   3.410341    32.8010    85.0622     0.1179      37.93 1.0000e-12     5.7643    251.020     5.5135  6.3487318 1.7005e+00          1         46 0.0000e+00
   40.36684  -70.87210     7.8246   3.400143    32.7725     55.407     54.973     7.8198   3.400072    32.7763    85.1681     0.1263      38.59 1.0000e-12     5.7547    250.600     5.5705  6.4413104 1.7005e+00          1          7 0.0000e+00
