en655/en655_014_1db.cnv
* Sea-Bird SBE 9 Data File:
* FileName = D:\ctd\raw\EN655_014.hex
* Software Version Seasave V 7.26.7.121
* Temperature SN = 4130
* Conductivity SN = 2822
* Number of Bytes Per Scan = 40
* Number of Voltage Words = 5
* Number of Scans Averaged by the Deck Unit = 1
* NMEA Latitude = 39 46.25 N
* NMEA Longitude = 070 59.74 W
* NMEA UTC (Time) = Jul 27 2020  16:39:35
* NMEA baud rate = 4800
** Ship: R/V Endeavor
** Cruise: EN655
** Principal Investigator: Heidi Sosik
** Chief Scientist: Heidi Sosik
** Project: NES-LTER transect
** Dates: 25 - 30 Jul 2020
** Narragansett to Narragansett, Rhode Island
** Station:  d11a
** Bottom Depth: 1650
** Operator:  mSantos
** Nothing swapped since last cast - EN655_13 - which had 15 modulo errors.
# nquan = 22
# nvalues = 1011                        
# units = specified
# name 0 = latitude: Latitude [deg]
# name 1 = longitude: Longitude [deg]
# name 2 = t090C: Temperature [ITS-90, deg C]
# name 3 = c0S/m: Conductivity [S/m]
# name 4 = sal00: Salinity, Practical [PSU]
# name 5 = prDM: Pressure, Digiquartz [db]
# name 6 = depSM: Depth [salt water, m]
# name 7 = t190C: Temperature, 2 [ITS-90, deg C]
# name 8 = c1S/m: Conductivity, 2 [S/m]
# name 9 = sal11: Salinity, Practical, 2 [PSU]
# name 10 = CStarTr0: Beam Transmission, WET Labs C-Star [%]
# name 11 = flECO-AFL: Fluorescence, WET Labs ECO-AFL/FL [mg/m^3]
# name 12 = altM: Altimeter [m]
# name 13 = par: PAR/Irradiance, Biospherical/Licor [umol photons/m^2/sec]
# name 14 = sbeox0ML/L: Oxygen, SBE 43 [ml/l]
# name 15 = sbox0Mm/Kg: Oxygen, SBE 43 [umol/kg]
# name 16 = sbeox1ML/L: Oxygen, SBE 43, 2 [ml/l]
# name 17 = upoly0: Upoly 0, SUNA
# name 18 = spar: SPAR, Biospherical/Licor [umol photons/m^2/sec]
# name 19 = pumps: Pump Status
# name 20 = nbin: number of scans per bin
# name 21 = flag: flag
# span 0 =   39.76782,   39.77082       
# span 1 =  -71.00031,  -70.99576       
# span 2 =     6.4251,    24.9163       
# span 3 =   3.504803,   5.318505       
# span 4 =    33.6288,    35.6443       
# span 5 =      1.233,    506.849       
# span 6 =      1.224,    502.361       
# span 7 =     6.4249,    24.9226       
# span 8 =   3.504799,   5.318359       
# span 9 =    33.6309,    35.6468       
# span 10 =    81.7426,    88.1681      
# span 11 =    -0.1712,     8.0316      
# span 12 =       0.26,      74.16      
# span 13 = 1.0000e-12, 9.9203e+02      
# span 14 =     3.0406,     7.0700      
# span 15 =    132.202,    307.871      
# span 16 =     2.9507,     6.9342      
# span 17 = -1.1006635,  25.594002      
# span 18 = 2.1803e+03, 2.4341e+03      
# span 19 =          1,          1      
# span 20 =         18,       2052      
# span 21 = 0.0000e+00, 0.0000e+00      
# interval = decibars: 1                
# start_time = Jul 27 2020 16:39:35 [NMEA time, header]
# bad_flag = -9.990e-29
*END*
[from data line 725]
   39.76836  -70.99942     9.7989   3.828987    35.2686    285.995    283.613     9.8123   3.830140    35.2674    88.1574     0.0195      25.31 1.0000e-12     3.1471    136.826     3.0281  24.219356 2.3087e+03          1         24 0.0000e+00
   39.76836  -70.99944     9.8365   3.832783    35.2713    284.984    282.611     9.8471   3.833430    35.2676    88.1602     0.0169      27.69 1.0000e-12     3.1275    135.975     2.9997  24.299648 2.3143e+03          1         22 0.0000e+00
   39.76836  -70.99944     9.8658   3.835840    35.2746    284.006    281.643     9.9141   3.840458    35.2748    88.1546     0.0209      29.08 7.9695e-06     3.1138    135.379     2.9966  24.765863 2.3192e+03          1         21 0.0000e+00
   39.76834  -70.99944     9.8984   3.839249    35.2781    283.024    280.669     9.9372   3.842930    35.2780    88.1456     0.0174      25.24 6.9733e-06     3.0965    134.630     3.0066  24.677506 2.3241e+03          1         24 0.0000e+00
   39.76834  -70.99944     9.9322   3.842716    35.2812    282.010    279.665     9.9623   3.845683    35.2822    88.1538     0.0248       0.46 1.0000e-12     3.0815    133.975     2.9932  24.477243 2.3317e+03          1         25 0.0000e+00
   39.76834  -70.99944     9.8917   3.838985    35.2829    280.974    278.637     9.9535   3.844829    35.2825    88.1540     0.0180       0.43 1.1542e-05     3.0787    133.854     2.9826  25.202447 2.3428e+03          1         29 0.0000e+00
   39.76834  -70.99944     9.9517   3.845311    35.2896    279.994    277.666     9.9397   3.843260    35.2803    88.1425     0.0166       0.52 5.5787e-06     3.0636    133.197     2.9767  24.955959 2.3508e+03          1         30 0.0000e+00
   39.76834  -70.99945    10.0043   3.850162    35.2885    278.996    276.678    10.0074   3.850177    35.2856    88.1378     0.0147       0.44 1.0000e-12     3.0689    133.430     2.9709  24.782305 2.3545e+03          1         23 0.0000e+00
   39.76834  -70.99946    10.0216   3.852139    35.2922    278.000    275.691    10.0970   3.859264    35.2916    88.1346     0.0149       0.58 1.0000e-12     3.0762    133.747     2.9738  24.425986 2.3577e+03          1         22 0.0000e+00
   39.76834  -70.99946    10.0887   3.859008    35.2975    277.026    274.725    10.1382   3.863896    35.2991    88.1238     0.0264      59.79 1.0000e-12     3.0598    133.035     2.9813  24.814442 2.3601e+03          1         20 0.0000e+00
   39.76834  -70.99946    10.1256   3.862895    35.3017    276.010    273.718    10.1708   3.867361    35.3032    88.1205     0.0186       0.27 7.2765e-06     3.0513    132.664     2.9747  25.552528 2.3589e+03          1         23 0.0000e+00
   39.76834  -70.99946    10.1608   3.866645    35.3061    274.994    272.711    10.1921   3.869644    35.3062    88.1154     0.0144       0.29 7.2765e-06     3.0480    132.525     2.9558  25.066491 2.3536e+03          1         23 0.0000e+00
   39.76832  -70.99946    10.1927   3.869942    35.3091    274.021    271.747    10.2074   3.871252    35.3081    88.1038     0.0103      39.19 5.3987e-06     3.0406    132.202     2.9593  25.320476 2.3433e+03          1         31 0.0000e+00
   39.76832  -70.99946    10.2096   3.871842    35.3125    273.011    270.746    10.1997   3.870559    35.3090    88.1083     0.0146      35.79 6.1985e-06     3.0453    132.404     2.9759  24.599734 2.3369e+03          1         27 0.0000e+00
   39.76832  -70.99946    10.2327   3.874150    35.3139    271.996    269.740    10.2517   3.875768    35.3120    88.1114     0.0155      34.70 1.0000e-12     3.0545    132.807     2.9757  24.059003 2.3338e+03          1         24 0.0000e+00
   39.76832  -70.99946    10.2547   3.876490    35.3169    270.992    268.746    10.2870   3.879478    35.3158    88.1153     0.0206      23.40 6.4369e-06     3.0629    133.174     2.9807  24.375792 2.3284e+03          1         26 0.0000e+00
   39.76832  -70.99947    10.2795   3.878900    35.3177    270.005    267.767    10.2953   3.880412    35.3177    88.1081     0.0209       0.45 1.0000e-12     3.0682    133.404     2.9895  24.387540 2.3181e+03          1         26 0.0000e+00
   39.76832  -70.99948    10.2961   3.880659    35.3198    269.037    266.808    10.3005   3.880986    35.3188    88.1133     0.0181      22.18 7.9695e-06     3.0750    133.700     3.0020  24.445885 2.3092e+03          1         21 0.0000e+00
   39.76832  -70.99948    10.3035   3.881431    35.3210    268.003    265.783    10.3118   3.882059    35.3193    88.1183     0.0171       0.33 1.0000e-12     3.0803    133.930     3.0112  23.690786 2.3038e+03          1         18 0.0000e+00
   39.76832  -70.99948    10.3176   3.882891    35.3226    266.942    264.732    10.3311   3.884001    35.3207    88.1179     0.0217       0.38 8.3680e-06     3.0845    134.114     3.0075  23.633941 2.2988e+03          1         20 0.0000e+00
   39.76831  -70.99948    10.3411   3.885287    35.3246    265.947    263.745    10.3551   3.886575    35.3240    88.1144     0.0213      26.20 1.0000e-12     3.0813    133.972     2.9972  22.629829 2.2901e+03          1         24 0.0000e+00
   39.76830  -70.99948    10.3404   3.885323    35.3261    264.969    262.776    10.3537   3.886475    35.3248    88.0795     0.0239       0.41 5.0715e-06     3.0845    134.114     2.9954  23.713771 2.2765e+03          1         33 0.0000e+00
   39.76830  -70.99948    10.3660   3.887846    35.3273    264.007    261.823    10.3489   3.886001    35.3252    88.0883     0.0233       0.45 1.2397e-05     3.0806    133.943     2.9957  23.372343 2.2672e+03          1         27 0.0000e+00
   39.76830  -70.99948    10.3763   3.888930    35.3287    262.993    260.817    10.3707   3.887958    35.3243    88.1174     0.0154       0.31 1.0000e-12     3.0840    134.089     2.9879  24.143551 2.2668e+03          1         23 0.0000e+00
   39.76830  -70.99948    10.4119   3.892590    35.3317    261.985    259.818    10.4585   3.897006    35.3312    88.1290     0.0323      25.61 1.3947e-05     3.0867    134.210     2.9899  23.628851 2.2655e+03          1         24 0.0000e+00
   39.76830  -70.99948    10.4520   3.896796    35.3359    260.989    258.831    10.4805   3.899503    35.3356    88.1248     0.0314      22.50 1.0000e-12     3.0868    134.213     3.0074  24.871230 2.2604e+03          1         27 0.0000e+00
   39.76830  -70.99948    10.4798   3.899638    35.3381    260.009    257.860    10.4862   3.900120    35.3367    88.1256     0.0147       0.34 7.2765e-06     3.0915    134.419     3.0119  24.607013 2.2558e+03          1         23 0.0000e+00
   39.76830  -70.99948    10.4875   3.900428    35.3391    259.030    256.890    10.4890   3.900408    35.3374    88.1122     0.0202      17.00 1.0000e-12     3.0915    134.420     3.0033  23.555501 2.2553e+03          1         22 0.0000e+00
   39.76830  -70.99948    10.5287   3.904787    35.3437    257.991    255.860    10.5670   3.908142    35.3405    88.1195     0.0195      10.43 7.2765e-06     3.0859    134.178     2.9948  23.403870 2.2567e+03          1         23 0.0000e+00
   39.76830  -70.99950    10.5708   3.909066    35.3466    256.978    254.856    10.5967   3.911616    35.3473    88.1275     0.0151      24.49 1.0000e-12     3.0814    133.980     2.9978  23.666012 2.2582e+03          1         25 0.0000e+00
   39.76830  -70.99950    10.5894   3.911048    35.3490    255.994    253.880    10.6018   3.912155    35.3482    88.1238     0.0140       0.37 1.0000e-12     3.0796    133.903     3.0035  23.446100 2.2582e+03          1         25 0.0000e+00
   39.76830  -70.99950    10.6096   3.913185    35.3515    255.003    252.899    10.6105   3.913066    35.3494    88.1297     0.0144       0.36 1.0000e-12     3.0815    133.987     2.9958  22.551312 2.2587e+03          1         23 0.0000e+00
   39.76830  -70.99950    10.6270   3.915017    35.3536    254.012    251.916    10.6566   3.917638    35.3514    88.1292     0.0203      66.71 6.1985e-06     3.0797    133.909     2.9818  23.372343 2.2622e+03          1         27 0.0000e+00
   39.76830  -70.99950    10.6757   3.920018    35.3573    253.000    250.913    10.7044   3.922831    35.3579    88.1236     0.0145      21.75 1.0000e-12     3.0697    133.472     2.9891  23.522676 2.2682e+03          1         28 0.0000e+00
   39.76830  -70.99950    10.7030   3.922919    35.3606    252.019    249.940    10.7197   3.924668    35.3620    88.1134     0.0143       0.30 2.7893e-05     3.0710    133.530     2.9990  22.548380 2.2742e+03          1         24 0.0000e+00
   39.76828  -70.99950    10.7125   3.924000    35.3627    251.024    248.955    10.7621   3.928749    35.3626    88.1200     0.0251       0.37 7.9695e-06     3.0798    133.914     3.0036  22.719459 2.2782e+03          1         21 0.0000e+00
   39.76828  -70.99950    10.7714   3.930207    35.3687    249.976    247.916    10.8221   3.935076    35.3687    88.1193     0.0232       0.35 6.9733e-06     3.0809    133.963     3.0039  23.780295 2.2825e+03          1         24 0.0000e+00
   39.76828  -70.99950    10.8215   3.935296    35.3719    248.954    246.903    10.8528   3.938338    35.3722    88.1083     0.0160      26.84 1.0000e-12     3.0863    134.198     2.9988  23.511436 2.2880e+03          1         23 0.0000e+00
   39.76828  -70.99952    10.8543   3.938777    35.3756    247.981    245.938    10.8849   3.941677    35.3752    88.1193     0.0177      49.63 6.9733e-06     3.0895    134.335     2.9946  22.357484 2.2936e+03          1         24 0.0000e+00
   39.76828  -70.99952    10.8652   3.939945    35.3773    246.990    244.957    10.9148   3.944804    35.3781    88.1154     0.0176       0.44 7.2765e-06     3.0870    134.230     3.0119  22.591152 2.2984e+03          1         23 0.0000e+00
   39.76828  -70.99952    10.9256   3.946313    35.3833    245.972    243.947    10.9941   3.953014    35.3843    88.1247     0.0183      24.23 1.0000e-12     3.0901    134.363     3.0182  23.464426 2.3008e+03          1         25 0.0000e+00
   39.76828  -70.99952    10.9451   3.949040    35.3922    244.982    242.966    11.0601   3.960241    35.3935    88.1257     0.0109      20.75 1.1542e-05     3.0987    134.737     3.0161  22.764246 2.3008e+03          1         29 0.0000e+00
   39.76828  -70.99952    11.0232   3.956672    35.3938    244.045    242.037    11.0766   3.962424    35.3998    88.1378     0.0092       0.39 6.1985e-06     3.0958    134.611     3.0159  21.528430 2.3025e+03          1         27 0.0000e+00
   39.76828  -70.99952    11.0920   3.964115    35.4023    243.052    241.053    11.0844   3.963042    35.3989    88.1325     0.0139       0.42 7.6073e-06     3.0897    134.351     3.0070  22.039440 2.3025e+03          1         22 0.0000e+00
   39.76828  -70.99952    11.1070   3.965756    35.4046    242.010    240.020    11.1516   3.970103    35.4052    88.1297     0.0083      11.60 2.1830e-05     3.0946    134.562     2.9972  22.653567 2.3017e+03          1         23 0.0000e+00
   39.76828  -70.99952    11.1515   3.970405    35.4087    241.013    239.032    11.1816   3.973353    35.4091    88.1278     0.0209      16.08 1.0000e-12     3.0875    134.251     3.0019  22.918718 2.2991e+03          1         21 0.0000e+00
   39.76826  -70.99952    11.1815   3.973629    35.4124    240.021    238.049    11.2202   3.977418    35.4130    88.1339     0.0159       0.45 1.0000e-12     3.0843    134.115     3.0008  21.899334 2.2979e+03          1         24 0.0000e+00
   39.76826  -70.99952    11.2024   3.975850    35.4149    239.008    237.045    11.2317   3.978830    35.4163    88.1329     0.0149       0.36 6.9733e-06     3.0857    134.175     2.9981  21.590082 2.2965e+03          1         24 0.0000e+00
   39.76826  -70.99952    11.2496   3.981027    35.4215    237.989    236.034    11.2805   3.983651    35.4179    88.1359     0.0143       0.48 1.0000e-12     3.0841    134.106     3.0055  21.493362 2.2925e+03          1         24 0.0000e+00
   39.76826  -70.99952    11.2967   3.985957    35.4257    236.981    235.035    11.3512   3.991295    35.4264    88.1232     0.0155       0.60 6.9733e-06     3.0845    134.124     3.0137  23.733208 2.2864e+03          1         24 0.0000e+00
   39.76826  -70.99954    11.3282   3.989292    35.4290    235.985    234.048    11.3935   3.995915    35.4321    88.1183     0.0192       0.41 1.0000e-12     3.0898    134.355     3.0137  21.665168 2.2781e+03          1         24 0.0000e+00
   39.76826  -70.99954    11.3966   3.996621    35.4366    235.003    233.074    11.4326   4.000367    35.4391    88.1207     0.0088      23.69 6.4369e-06     3.0881    134.283     3.0104  22.594880 2.2680e+03          1         26 0.0000e+00
   39.76826  -70.99954    11.4124   3.998621    35.4416    234.020    232.101    11.4248   3.999647    35.4399    88.1159     0.0141       0.57 5.5787e-06     3.0985    134.732     3.0102  22.767019 2.2546e+03          1         30 0.0000e+00
   39.76826  -70.99954    11.4584   4.003397    35.4453    233.005    231.094    11.4337   4.000607    35.4413    88.1329     0.0097      50.17 1.0000e-12     3.0986    134.739     3.0143  21.486999 2.2435e+03          1         24 0.0000e+00
   39.76826  -70.99954    11.4451   4.002154    35.4461    232.004    230.102    11.4887   4.006357    35.4460    88.1211     0.0072      29.15 1.0000e-12     3.0977    134.699     3.0106  21.030848 2.2368e+03          1         21 0.0000e+00
   39.76826  -70.99954    11.4942   4.007390    35.4514    230.980    229.087    11.5188   4.009864    35.4522    88.1167     0.0077       0.44 1.0000e-12     3.0971    134.673     3.0040  22.230475 2.2308e+03          1         20 0.0000e+00
   39.76826  -70.99954    11.5154   4.009707    35.4544    229.984    228.100    11.5306   4.011203    35.4546    88.0952     0.0071       0.41 1.0000e-12     3.0988    134.748     3.0062  22.117187 2.2223e+03          1         22 0.0000e+00
   39.76825  -70.99954    11.5189   4.010202    35.4564    228.993    227.117    11.5372   4.011938    35.4560    88.1202     0.0148      21.73 1.0000e-12     3.1026    134.912     3.0107  21.297376 2.2121e+03          1         28 0.0000e+00
   39.76824  -70.99954    11.5369   4.012129    35.4586    227.974    226.107    11.5419   4.012512    35.4577    88.0937     0.0169      24.57 1.3389e-05     3.0969    134.666     3.0142  21.541417 2.2033e+03          1         25 0.0000e+00
   39.76824  -70.99954    11.5436   4.012799    35.4593    226.972    225.114    11.5481   4.012979    35.4568    88.1066     0.0094      23.66 6.9733e-06     3.0939    134.537     3.0099  21.987146 2.1984e+03          1         24 0.0000e+00
   39.76824  -70.99954    11.5674   4.015114    35.4598    225.990    224.141    11.6107   4.018845    35.4552    88.1078     0.0086      28.65 2.6778e-05     3.0975    134.695     2.9995  21.862733 2.1938e+03          1         25 0.0000e+00
   39.76824  -70.99955    11.6173   4.020158    35.4623    225.018    223.177    11.6571   4.023943    35.4616    88.0919     0.0109      25.32 1.0000e-12     3.0964    134.648     3.0213  21.536632 2.1884e+03          1         24 0.0000e+00
   39.76824  -70.99956    11.6526   4.023860    35.4655    223.995    222.163    11.7125   4.029650    35.4653    88.0778     0.0019      45.59 1.0000e-12     3.1073    135.122     3.0630  20.900007 2.1830e+03          1         25 0.0000e+00
   39.76824  -70.99956    11.7269   4.031878    35.4739    222.975    221.152    11.8041   4.039639    35.4764    88.1153     0.0154       0.45 1.3389e-05     3.1273    135.993     3.0811  20.753399 2.1803e+03          1         25 0.0000e+00
   39.76824  -70.99956    11.7865   4.038288    35.4804    221.988    220.173    11.8257   4.042277    35.4821    88.0947     0.0148       0.31 1.0000e-12     3.1462    136.815     3.0819  20.714303 2.1819e+03          1         25 0.0000e+00
