en655/en655_003_1db.cnv
* Sea-Bird SBE 9 Data File:
* FileName = D:\ctd\raw\EN655_003.hex
* Software Version Seasave V 7.26.7.121
* Temperature SN = 4130
* Conductivity SN = 2822
* Number of Bytes Per Scan = 40
* Number of Voltage Words = 5
* Number of Scans Averaged by the Deck Unit = 1
* NMEA Latitude = 40 51.66 N
* NMEA Longitude = 070 52.96 W
* NMEA UTC (Time) = Jul 25 2020  21:37:37
* NMEA baud rate = 4800
** Ship: R/V Endeavor
** Cruise: EN655
** Principal Investigator: Heidi Sosik
** Chief Scientist: Heidi Sosik
** Project: NES-LTER transect
** Dates: 25 - 30 Jul 2020
** Narragansett to Narragansett, Rhode Island
** Station:  L3
** Bottom Depth:
** Operator:
# nquan = 22
# nvalues = 101                         
# units = specified
# name 0 = latitude: Latitude [deg]
# name 1 = longitude: Longitude [deg]
# name 2 = t090C: Temperature [ITS-90, deg C]
# name 3 = c0S/m: Conductivity [S/m]
# name 4 = sal00: Salinity, Practical [PSU]
# name 5 = prDM: Pressure, Digiquartz [db]
# name 6 = depSM: Depth [salt water, m]
# name 7 = t190C: Temperature, 2 [ITS-90, deg C]
# name 8 = c1S/m: Conductivity, 2 [S/m]
# name 9 = sal11: Salinity, Practical, 2 [PSU]
# name 10 = CStarTr0: Beam Transmission, WET Labs C-Star [%]
# name 11 = flECO-AFL: Fluorescence, WET Labs ECO-AFL/FL [mg/m^3]
# name 12 = altM: Altimeter [m]
# name 13 = par: PAR/Irradiance, Biospherical/Licor [umol photons/m^2/sec]
# name 14 = sbeox0ML/L: Oxygen, SBE 43 [ml/l]
# name 15 = sbox0Mm/Kg: Oxygen, SBE 43 [umol/kg]
# name 16 = sbeox1ML/L: Oxygen, SBE 43, 2 [ml/l]
# name 17 = upoly0: Upoly 0, SUNA
# name 18 = spar: SPAR, Biospherical/Licor [umol photons/m^2/sec]
# name 19 = pumps: Pump Status
# name 20 = nbin: number of scans per bin
# name 21 = flag: flag
# span 0 =   40.85476,   40.86090       
# span 1 =  -70.88262,  -70.88181       
# span 2 =     8.4038,    22.9899       
# span 3 =   3.415926,   4.700598       
# span 4 =    31.8963,    49.9881       
# span 5 =      0.944,     51.511       
# span 6 =      0.937,     51.106       
# span 7 =     8.4022,    23.0281       
# span 8 =   3.415910,   4.704464       
# span 9 =    31.8897,    32.4380       
# span 10 =     0.1761,    84.0102      
# span 11 =     0.2329,     1.9178      
# span 12 =       3.30,      54.03      
# span 13 = 2.1047e-01, 1.5246e+03      
# span 14 =     5.1997,    10.4460      
# span 15 =    226.512,    329.399      
# span 16 =     5.1538,     7.4606      
# span 17 = -0.6484858,  0.0437885      
# span 18 = 1.8478e+03, 2.1185e+03      
# span 19 =          1,          1      
# span 20 =          1,       3753      
# span 21 = 0.0000e+00, 0.0000e+00      
# interval = decibars: 1                
# start_time = Jul 25 2020 21:37:37 [NMEA time, header]
# bad_flag = -9.990e-29
*END*
[from data line 66]
   40.85850  -70.88184     8.4044   3.416101    32.4123     34.961     34.688     8.4026   3.416071    32.4137    82.9628     0.3030      19.61 2.8337e+00     5.2237    227.561     5.1741 -0.0195302 2.0784e+03          1         52 0.0000e+00
   40.85847  -70.88184     8.4038   3.415967    32.4119     34.063     33.797     8.4025   3.416017    32.4136    83.1239     0.3151      20.70 3.2009e+00     5.2214    227.461     5.1725 -0.3967717 2.0805e+03          1         83 0.0000e+00
   40.85846  -70.88184     8.4039   3.415926    32.4118     33.000     32.742     8.4022   3.415910    32.4132    82.8064     0.3213      21.82 3.6557e+00     5.2194    227.375     5.1629 -0.0118325 2.0821e+03          1         57 0.0000e+00
   40.85843  -70.88184     8.4131   3.416557    32.4105     32.020     31.770     8.4049   3.416042    32.4125    83.3383     0.3592      22.94 4.2284e+00     5.2236    227.557     5.1609 -0.0161797 2.0716e+03          1         71 0.0000e+00
   40.85842  -70.88184     8.5999   3.431332    32.3945     30.953     30.711     8.4659   3.420619    32.4051    83.5275     0.8600      24.17 5.0749e+00     5.2099    226.968     5.1632 -0.0160764 2.0731e+03          1         75 0.0000e+00
   40.85840  -70.88184     8.8988   3.456354    32.3828     30.034     29.799     8.6770   3.437782    32.3918    83.7903     1.3099      25.04 5.8759e+00     5.6111    244.458     5.2854 -0.4238024 2.0777e+03          1         77 0.0000e+00
   40.85838  -70.88184     8.9093   3.457285    32.3834     29.031     28.804     8.9566   3.461503    32.3842    83.8895     1.3153      26.16 7.0158e+00     5.9670    259.965     5.7659 -0.0083701 2.0713e+03          1         65 0.0000e+00
   40.85836  -70.88184     9.1547   3.478069    32.3760     27.978     27.760     9.0100   3.466319    32.3859    83.9077     1.3664      27.38 8.3519e+00     5.9330    258.495     5.9261 -0.0055762 2.0683e+03          1         74 0.0000e+00
   40.85833  -70.88184     9.5464   3.512909    32.3802     26.973     26.763     9.3725   3.497334    32.3776    83.3881     1.3876      28.30 9.9922e+00     6.4673    281.790     6.2950 -0.2271869 2.0693e+03          1        142 0.0000e+00
   40.85821  -70.88183     9.8707   3.543463    32.4002     26.222     26.017     9.8411   3.540635    32.3981    82.6786     1.4104      29.12 1.1445e+01     6.8782    299.707     6.7690 -0.0792827 2.0611e+03          1        313 0.0000e+00
   40.85731  -70.88181    10.0255   3.555761    32.3864     25.368     25.170    10.0381   3.556914    32.3867    80.9079     1.3090      29.33 1.2695e+01     7.0910    308.986     6.9916 -0.1216420 2.0397e+03          1       3753 0.0000e+00
   40.85660  -70.88184     9.9992   3.553273    32.3853     24.033     23.846     9.9864   3.552229    32.3863    81.2646     1.3077      29.86 1.4462e+01     6.9174    301.420     6.8286  0.0090273 2.0092e+03          1         42 0.0000e+00
   40.85660  -70.88184     9.9811   3.551644    32.3855     22.983     22.804     9.9717   3.551001    32.3875    81.7103     1.3035      31.28 1.7215e+01     7.0319    306.410     6.9525  0.0162995 2.0111e+03          1         42 0.0000e+00
   40.85658  -70.88184     9.9734   3.550872    32.3851     22.021     21.849    10.0008   3.552960    32.3816    81.4306     1.2123      32.66 2.0223e+01     7.0472    307.077     6.8991  0.0150613 2.0097e+03          1         37 0.0000e+00
   40.85657  -70.88184    10.1016   3.561919    32.3824     21.006     20.842    10.1140   3.562570    32.3779    82.2100     1.2130      33.64 2.3536e+01     7.0176    305.792     6.9167  0.0120574 2.0091e+03          1         36 0.0000e+00
   40.85655  -70.88184    10.1801   3.568490    32.3791     19.984     19.828    10.1516   3.566139    32.3808    82.4521     1.3803      35.03 2.7548e+01     7.0816    308.589     7.0541  0.0201174 2.0168e+03          1         48 0.0000e+00
   40.85654  -70.88184    10.3055   3.579140    32.3747     19.059     18.911    10.2944   3.577855    32.3717    82.3234     1.3594      36.05 3.2125e+01     7.1861    313.148     7.0657 -0.6484858 2.0112e+03          1         49 0.0000e+00
   40.85651  -70.88184    10.5333   3.599045    32.3720     17.935     17.795    10.4473   3.592095    32.3789    81.6471     1.1594      37.24 3.8556e+01     7.2332    315.215     7.1246  0.0251890 2.0025e+03          1         67 0.0000e+00
   40.85649  -70.88184    10.7195   3.615170    32.3681     17.034     16.902    10.6423   3.608362    32.3686    80.7224     1.1354      38.40 4.4973e+01     7.3767    321.478     7.2108  0.0283317 2.0071e+03          1         66 0.0000e+00
   40.85647  -70.88184    10.8424   3.625952    32.3669     16.019     15.894    10.7589   3.618586    32.3676    80.3442     1.0546      39.27 5.1750e+01     7.4132    323.076     7.2814  0.0296858 2.0079e+03          1         81 0.0000e+00
   40.85590  -70.88186    11.4690   3.679410    32.3430     15.045     14.928    11.4544   3.678037    32.3423    79.9643     0.8085      39.81 5.8137e+01     7.4723    325.693     7.3001 -0.0866909 1.9748e+03          1       1921 0.0000e+00
   40.85558  -70.88188    11.8292   3.706629    32.2946     14.052     13.943    11.8701   3.709366    32.2856    79.0373     0.7831      40.04 6.5605e+01     7.1898    313.411     7.0305  0.0315712 1.9475e+03          1         39 0.0000e+00
   40.85558  -70.88188    11.9421   3.715678    32.2847     13.029     12.928    12.0096   3.720802    32.2757    77.1301     0.8461      41.25 7.8919e+01     7.1258    310.629     6.9604  0.0315712 1.9476e+03          1         36 0.0000e+00
   40.85556  -70.88188    12.2203   3.740260    32.2814     11.944     11.851    12.1288   3.732656    32.2873    77.1538     0.8091      43.13 9.4174e+01     7.1167    310.248     6.9699  0.0321368 1.9454e+03          1         54 0.0000e+00
   40.85554  -70.88188    12.7931   3.792255    32.2860     11.011     10.926    12.5057   3.765192    32.2744    77.5582     0.6631      43.89 1.0987e+02     7.1480    311.648     6.8950 -0.3368579 1.9497e+03          1         48 0.0000e+00
   40.85551  -70.88188    13.6086   3.864513    32.2718      9.953      9.876    13.3518   3.841996    32.2789    77.3194     0.6681      45.61 1.3645e+02     7.3444    320.262     7.1978 -0.0359340 1.9446e+03          1        138 0.0000e+00
   40.85533  -70.88188    14.6471   3.953454    32.2209      9.307      9.234    14.6046   3.949804    32.2231    77.4965     0.6542      45.73 1.5083e+02     7.0901    309.253     6.9099 -0.0937755 1.9164e+03          1        462 0.0000e+00
   40.85491  -70.88190    15.4349   4.021770    32.1876      8.028      7.966    15.2022   4.002422    32.2054    78.0217     0.6072      46.70 1.9236e+02     7.0193    306.222     6.8223  0.0428240 1.8594e+03          1         57 0.0000e+00
   40.85488  -70.88190    16.2332   4.084453    32.0939      7.037      6.983    15.9175   4.058987    32.1251    77.7865     0.5615      48.11 2.1797e+02     6.9355    302.639     6.8217 -0.2059882 1.8601e+03          1         72 0.0000e+00
   40.85486  -70.88190    17.0961   4.162743    32.0827      6.034      5.988    15.9389   4.062578    32.1399    78.6961     0.5389      48.92 2.7113e+02     6.6283    289.294     6.5873 -0.1982804 1.8596e+03          1         59 0.0000e+00
   40.85484  -70.88190    18.6571   4.298303    32.0008      4.932      4.893    16.8855   4.153447    32.1753    78.6825     0.4542      50.24 3.2673e+02     6.5013    283.869     6.5913  0.0426007 1.8522e+03          1         72 0.0000e+00
   40.85483  -70.88190    19.9249   4.412773    31.9676      4.040      4.008    19.6571   4.422841    32.2791    79.1950     0.3707      51.26 3.7647e+02     6.3993    279.516     6.4766  0.0437885 1.8543e+03          1         55 0.0000e+00
   40.85481  -70.88190    17.8155   4.507289    49.9881      3.037      3.014    20.1400   4.457213    32.1875    79.5843     0.3076      52.19 4.8637e+02    10.4460    299.711     5.7816  0.0344219 1.8515e+03          1         75 0.0000e+00
   40.85478  -70.88190    21.7045   4.574226    31.9206      1.976      1.960    21.7741   4.578291    31.9008    80.1504     0.3086      52.95 6.0147e+02     5.7699    252.146     5.6974 -0.4532438 1.8533e+03          1         63 0.0000e+00
   40.85476  -70.88190    22.4433   4.641165    31.8963      0.944      0.937    22.3592   4.632313    31.8897    79.5085     0.3072      54.03 1.5246e+03     5.5911    244.385     5.4394  0.0339574 1.8478e+03          1         64 0.0000e+00
