en655/en655_014_1db.cnv
* Sea-Bird SBE 9 Data File:
* FileName = D:\ctd\raw\EN655_014.hex
* Software Version Seasave V 7.26.7.121
* Temperature SN = 4130
* Conductivity SN = 2822
* Number of Bytes Per Scan = 40
* Number of Voltage Words = 5
* Number of Scans Averaged by the Deck Unit = 1
* NMEA Latitude = 39 46.25 N
* NMEA Longitude = 070 59.74 W
* NMEA UTC (Time) = Jul 27 2020  16:39:35
* NMEA baud rate = 4800
** Ship: R/V Endeavor
** Cruise: EN655
** Principal Investigator: Heidi Sosik
** Chief Scientist: Heidi Sosik
** Project: NES-LTER transect
** Dates: 25 - 30 Jul 2020
** Narragansett to Narragansett, Rhode Island
** Station:  d11a
** Bottom Depth: 1650
** Operator:  mSantos
** Nothing swapped since last cast - EN655_13 - which had 15 modulo errors.
# nquan = 22
# nvalues = 1011                        
# units = specified
# name 0 = latitude: Latitude [deg]
# name 1 = longitude: Longitude [deg]
# name 2 = t090C: Temperature [ITS-90, deg C]
# name 3 = c0S/m: Conductivity [S/m]
# name 4 = sal00: Salinity, Practical [PSU]
# name 5 = prDM: Pressure, Digiquartz [db]
# name 6 = depSM: Depth [salt water, m]
# name 7 = t190C: Temperature, 2 [ITS-90, deg C]
# name 8 = c1S/m: Conductivity, 2 [S/m]
# name 9 = sal11: Salinity, Practical, 2 [PSU]
# name 10 = CStarTr0: Beam Transmission, WET Labs C-Star [%]
# name 11 = flECO-AFL: Fluorescence, WET Labs ECO-AFL/FL [mg/m^3]
# name 12 = altM: Altimeter [m]
# name 13 = par: PAR/Irradiance, Biospherical/Licor [umol photons/m^2/sec]
# name 14 = sbeox0ML/L: Oxygen, SBE 43 [ml/l]
# name 15 = sbox0Mm/Kg: Oxygen, SBE 43 [umol/kg]
# name 16 = sbeox1ML/L: Oxygen, SBE 43, 2 [ml/l]
# name 17 = upoly0: Upoly 0, SUNA
# name 18 = spar: SPAR, Biospherical/Licor [umol photons/m^2/sec]
# name 19 = pumps: Pump Status
# name 20 = nbin: number of scans per bin
# name 21 = flag: flag
# span 0 =   39.76782,   39.77082       
# span 1 =  -71.00031,  -70.99576       
# span 2 =     6.4251,    24.9163       
# span 3 =   3.504803,   5.318505       
# span 4 =    33.6288,    35.6443       
# span 5 =      1.233,    506.849       
# span 6 =      1.224,    502.361       
# span 7 =     6.4249,    24.9226       
# span 8 =   3.504799,   5.318359       
# span 9 =    33.6309,    35.6468       
# span 10 =    81.7426,    88.1681      
# span 11 =    -0.1712,     8.0316      
# span 12 =       0.26,      74.16      
# span 13 = 1.0000e-12, 9.9203e+02      
# span 14 =     3.0406,     7.0700      
# span 15 =    132.202,    307.871      
# span 16 =     2.9507,     6.9342      
# span 17 = -1.1006635,  25.594002      
# span 18 = 2.1803e+03, 2.4341e+03      
# span 19 =          1,          1      
# span 20 =         18,       2052      
# span 21 = 0.0000e+00, 0.0000e+00      
# interval = decibars: 1                
# start_time = Jul 27 2020 16:39:35 [NMEA time, header]
# bad_flag = -9.990e-29
*END*
   39.77082  -70.99576    24.6966   5.091924    33.6338      2.838      2.816    24.6939   5.091735    33.6344    86.6709     8.0297       0.85 9.9203e+02     4.9595    216.639     4.7925 -0.7986857 2.4091e+03          1       1088 0.0000e+00
   39.77076  -70.99586    24.7028   5.092666    33.6343      3.970      3.939    24.7029   5.092844    33.6355    86.6833     8.0308       0.40 3.6223e+02     4.9558    216.479     4.8071 -1.0988078 2.4167e+03          1        111 0.0000e+00
   39.77076  -70.99588    24.6671   5.089118    33.6343      5.151      5.111    24.6673   5.089268    33.6352    86.6492     8.0302      19.42 2.4002e+02     4.9514    216.283     4.8079 -0.6208789 2.4163e+03          1         83 0.0000e+00
   39.77074  -70.99589    24.6458   5.086914    33.6336      6.052      6.006    24.6493   5.087409    33.6346    86.6428     8.0311      20.78 2.2351e+02     4.9666    216.945     4.8133 -1.1006635 2.4190e+03          1         86 0.0000e+00
   39.77074  -70.99590    24.6190   5.084246    33.6335      6.924      6.871    24.6184   5.084348    33.6347    86.5853     8.0311      10.79 1.9041e+02     4.9656    216.902     4.8154 -0.3522377 2.4141e+03          1         53 0.0000e+00
   39.77073  -70.99592    24.5061   5.072297    33.6288      8.110      8.048    24.5121   5.073189    33.6309    86.5270     8.0313      11.34 2.0450e+02     4.9713    217.143     4.8174 -1.0988508 2.4169e+03          1         96 0.0000e+00
   39.77072  -70.99594    24.3853   5.083993    33.8065      9.023      8.954    24.3825   5.082314    33.7961    86.4554     8.0316       7.01 1.8936e+02     4.9959    218.181     4.8764 -0.5482517 2.4185e+03          1         61 0.0000e+00
   39.77072  -70.99594    24.4424   5.141500    34.1926      9.923      9.846    24.4416   5.136915    34.1590    86.5094     8.0310      11.07 1.7110e+02     5.0553    220.717     4.9125 -1.0288556 2.4181e+03          1         64 0.0000e+00
   39.77072  -70.99594    24.8418   5.281202    34.9265     10.984     10.899    24.8281   5.277076    34.9063    86.6422     8.0297       0.34 1.5314e+02     5.0546    220.593     4.9365 -1.0985326 2.4131e+03          1         43 0.0000e+00
   39.77070  -70.99596    24.9163   5.318505    35.1459     12.018     11.926    24.9226   5.318359    35.1399    86.5597     8.0205       0.43 1.4939e+02     5.0470    220.231     4.9203 -0.6417921 2.4176e+03          1         65 0.0000e+00
   39.77070  -70.99597    24.5910   5.298980    35.2544     12.965     12.865    24.6259   5.302349    35.2522    86.3449     8.0004      10.25 1.4375e+02     5.0135    218.727     4.8847  0.1170925 2.4223e+03          1         60 0.0000e+00
   39.77070  -70.99598    24.1498   5.262015    35.3239     14.026     13.918    24.1580   5.263317    35.3273    86.3588     7.9941       7.26 1.3289e+02     5.0512    220.332     4.9466  0.1204862 2.4198e+03          1         45 0.0000e+00
   39.77070  -70.99598    24.1027   5.257748    35.3287     15.013     14.897    24.1030   5.257926    35.3298    86.4203     7.9904       7.11 1.2798e+02     5.0977    222.358     4.9764  0.1190362 2.4184e+03          1         44 0.0000e+00
   39.77068  -70.99599    23.9774   5.245964    35.3386     16.015     15.892    23.9875   5.247119    35.3393    86.3847     7.9845      27.64 1.2509e+02     5.1217    223.396     4.9813  0.1195360 2.4169e+03          1         50 0.0000e+00
   39.77068  -70.99600    23.8307   5.232047    35.3493     16.994     16.863    23.8354   5.232504    35.3490    86.4008     7.9792      13.19 1.2203e+02     5.1435    224.333     4.9884 -0.5192999 2.4206e+03          1         56 0.0000e+00
   39.77068  -70.99600    23.7402   5.223413    35.3554     17.998     17.860    23.7509   5.224731    35.3568    86.4140     7.9742      10.77 1.2400e+02     5.1654    225.282     5.0550  0.1281992 2.4241e+03          1         55 0.0000e+00
   39.77068  -70.99602    23.4005   5.186892    35.3471     18.994     18.848    23.4567   5.194805    35.3629    86.2510     7.9562      13.53 1.2380e+02     5.1963    226.609     5.0760  0.1195360 2.4225e+03          1         50 0.0000e+00
   39.77068  -70.99602    22.5776   5.097362    35.3176     19.996     19.842    22.6078   5.102240    35.3312    85.9041     7.9460       0.48 1.2183e+02     5.2531    229.037     5.1152  0.1169359 2.4186e+03          1         39 0.0000e+00
   39.77067  -70.99603    22.0898   5.041393    35.2754     21.053     20.891    22.0937   5.042124    35.2780    85.7649     7.9419      22.17 1.1803e+02     5.3949    235.196     5.2663  0.1176479 2.4159e+03          1         44 0.0000e+00
   39.77066  -70.99604    21.8583   5.014696    35.2534     21.950     21.781    21.9043   5.020219    35.2594    85.6478     7.9373      14.44 1.1976e+02     5.5510    241.992     5.3972 -0.0190163 2.4217e+03          1         64 0.0000e+00
   39.77066  -70.99604    21.7495   5.003849    35.2562     22.994     22.817    21.7617   5.005564    35.2597    85.6676     7.9285      12.83 1.1950e+02     5.5727    242.931     5.4449 -0.2497011 2.4242e+03          1         67 0.0000e+00
   39.77066  -70.99606    21.7067   4.999376    35.2554     24.006     23.821    21.7060   4.999534    35.2572    85.6915     7.9247      30.18 1.1493e+02     5.5639    242.542     5.4329  0.1199861 2.4225e+03          1         38 0.0000e+00
   39.77066  -70.99606    21.6101   4.989859    35.2587     25.028     24.835    21.6171   4.990927    35.2614    85.7548     7.9243      16.55 1.1075e+02     5.5773    243.121     5.4520  0.1215502 2.4198e+03          1         37 0.0000e+00
   39.77065  -70.99606    21.4432   4.974087    35.2699     26.015     25.815    21.4765   4.978107    35.2745    85.7933     7.9229       0.42 1.0847e+02     5.5598    242.343     5.4484  0.1186762 2.4211e+03          1         54 0.0000e+00
   39.77064  -70.99607    20.9608   4.922708    35.2559     26.956     26.748    20.9882   4.926700    35.2653    85.6804     7.9148      12.41 1.1025e+02     5.5815    243.260     5.4867  0.1147169 2.4265e+03          1         72 0.0000e+00
   39.77064  -70.99608    20.6705   4.886452    35.2034     27.976     27.760    20.7027   4.891491    35.2176    85.4323     7.9117      17.05 1.0693e+02     5.6569    246.537     5.5305 -0.6335950 2.4262e+03          1         45 0.0000e+00
   39.77063  -70.99610    19.9606   4.792388    35.0265     29.034     28.810    20.0775   4.810850    35.0804    85.0558     7.9103      32.59 1.0073e+02     5.7617    251.092     5.6262  0.1130201 2.4234e+03          1         39 0.0000e+00
   39.77062  -70.99610    18.8223   4.643325    34.7427     30.012     29.780    18.9303   4.659829    34.7901    84.4807     7.9101      22.55 9.8322e+01     5.9718    260.230     5.8791  0.1164138 2.4249e+03          1         54 0.0000e+00
   39.77061  -70.99610    17.9375   4.534989    34.5728     30.991     30.752    17.9969   4.543203    34.5926    83.9333     7.9098       0.67 9.5130e+01     6.3662    277.390     6.2097  0.1204862 2.4251e+03          1         45 0.0000e+00
   39.77060  -70.99611    17.4913   4.494423    34.6041     31.975     31.728    17.5200   4.499756    34.6256    83.4846     7.9083      27.83 9.2750e+01     6.5958    287.355     6.4395  0.1203818 2.4294e+03          1         65 0.0000e+00
   39.77060  -70.99612    17.1001   4.458952    34.6317     32.992     32.737    17.1121   4.460434    34.6342    83.4346     7.9079       0.33 8.4722e+01     6.6622    290.217     6.4751 -0.2162464 2.4275e+03          1         44 0.0000e+00
   39.77060  -70.99613    16.5279   4.399289    34.6021     33.984     33.722    16.6506   4.415491    34.6385    83.1548     7.9060      14.06 7.8917e+01     6.6635    290.244     6.5269 -0.2891340 2.4282e+03          1         42 0.0000e+00
   39.77060  -70.99614    15.4302   4.272701    34.4314     35.046     34.775    15.4993   4.284617    34.4781    82.7030     7.9063       0.46 7.3092e+01     6.7052    292.024     6.5725  0.1147530 2.4273e+03          1         47 0.0000e+00
   39.77058  -70.99614    15.0104   4.221954    34.3404     35.946     35.668    15.0399   4.230699    34.3938    82.6893     7.9061       0.62 6.8191e+01     6.9151    301.161     6.7637  0.1180244 2.4294e+03          1         59 0.0000e+00
   39.77058  -70.99615    14.7840   4.197117    34.3131     36.982     36.697    14.7903   4.198671    34.3217    82.7301     7.9060      11.30 6.3043e+01     7.0617    307.537     6.9068  0.1175450 2.4341e+03          1         54 0.0000e+00
   39.77057  -70.99616    14.5011   4.174554    34.3560     37.982     37.688    14.5278   4.177590    34.3603    82.8012     7.9035       0.38 5.5798e+01     7.0700    307.871     6.9342  0.1173834 2.4289e+03          1         42 0.0000e+00
   39.77056  -70.99616    14.1033   4.136649    34.3592     38.994     38.692    14.1520   4.142836    34.3732    82.8863     7.9034       0.36 5.1321e+01     6.9975    304.686     6.8419 -0.5624969 2.4305e+03          1         40 0.0000e+00
   39.77056  -70.99618    13.6842   4.092746    34.3246     40.033     39.723    13.7066   4.096455    34.3392    82.8446     7.9023       0.49 4.6923e+01     6.8496    298.230     6.6991  0.0142824 2.4305e+03          1         53 0.0000e+00
   39.77055  -70.99618    13.5183   4.076908    34.3246     40.937     40.620    13.5271   4.078503    34.3317    82.9896     7.9007       9.52 4.2635e+01     6.8250    297.146     6.7412  0.1005991 2.4283e+03          1         50 0.0000e+00
   39.77054  -70.99618    13.3608   4.062807    34.3332     42.017     41.692    13.3724   4.064813    34.3416    82.9226     7.8986      33.05 3.8233e+01     6.8252    297.145     6.7171  0.1006461 2.4311e+03          1         65 0.0000e+00
   39.77054  -70.99619    13.2138   4.048192    34.3274     42.976     42.643    13.2351   4.051373    34.3383    82.8205     7.8985      32.54 3.4849e+01     6.7575    294.192     6.6455  0.0987665 2.4283e+03          1         35 0.0000e+00
   39.77054  -70.99620    13.2059   4.055518    34.4033     44.029     43.688    13.1819   4.051167    34.3839    82.6376     7.8970       0.37 3.1010e+01     6.6924    291.341     6.5926  0.0941850 2.4276e+03          1         40 0.0000e+00
   39.77053  -70.99620    13.1074   4.051577    34.4549     45.003     44.655    13.1273   4.055060    34.4699    83.1683     7.8968       6.96 2.8703e+01     6.5973    287.184     6.4827 -0.4991195 2.4287e+03          1         56 0.0000e+00
   39.77052  -70.99620    12.7257   4.010830    34.4138     45.965     45.609    12.7352   4.012283    34.4189    82.4662     7.8962      28.41 2.5365e+01     6.2691    272.885     6.1335  0.0900694 2.4246e+03          1         59 0.0000e+00
   39.77052  -70.99621    12.7688   4.020176    34.4634     46.983     46.619    12.7593   4.019155    34.4623    81.7426     7.8950       0.37 2.2721e+01     6.1511    267.739     6.0580  0.0861128 2.4262e+03          1         42 0.0000e+00
   39.77052  -70.99622    12.8365   4.028471    34.4805     47.974     47.602    12.8300   4.027764    34.4797    82.2082     7.8954       0.40 1.9880e+01     6.1793    268.966     6.1449  0.0878667 2.4245e+03          1         51 0.0000e+00
   39.77050  -70.99622    12.7862   4.023614    34.4795     49.021     48.641    12.7949   4.025202    34.4868    82.4789     7.8950      13.61 1.7156e+01     6.2672    272.793     6.2216  0.0852283 2.4205e+03          1         37 0.0000e+00
   39.77050  -70.99624    12.6921   4.013693    34.4701     49.980     49.592    12.7013   4.014982    34.4741    82.3759     7.8961      11.90 1.5192e+01     6.2383    271.531     6.1550 -0.2877023 2.4240e+03          1         64 0.0000e+00
   39.77050  -70.99624    12.6691   4.013329    34.4873     50.960     50.564    12.6667   4.013149    34.4877    82.8742     7.8950       0.53 1.3253e+01     6.0973    265.388     6.0374 -0.1348097 2.4180e+03          1         38 0.0000e+00
   39.77050  -70.99624    12.7120   4.022461    34.5352     52.036     51.632    12.7113   4.022040    34.5318    83.4436     7.8949      30.86 1.1365e+01     5.8695    255.467     5.7996  0.0749748 2.4182e+03          1         57 0.0000e+00
   39.77049  -70.99625    12.6640   4.019014    34.5457     52.970     52.559    12.6614   4.019158    34.5495    84.7821     7.8952      12.87 1.0162e+01     5.6839    247.383     5.6003  0.1280603 2.4145e+03          1         44 0.0000e+00
   39.77048  -70.99626    12.6208   4.015957    34.5555     54.095     53.675    12.6242   4.016704    34.5595    85.1952     7.8938      12.19 8.8488e+00     5.5483    241.481     5.4936  0.4470879 2.4146e+03          1         48 0.0000e+00
   39.77048  -70.99626    12.5506   4.008727    34.5502     54.888     54.461    12.5693   4.010700    34.5519    85.4466     7.8946      10.77 8.2550e+00     5.5023    239.473     5.4524  0.1114125 2.4180e+03          1         57 0.0000e+00
   39.77048  -70.99626    12.5783   4.015409    34.5885     56.006     55.571    12.5593   4.012300    34.5760    85.5556     7.8916      32.05 7.4087e+00     5.4888    238.880     5.4580 -0.7005965 2.4117e+03          1         35 0.0000e+00
   39.77046  -70.99628    12.7194   4.035880    34.6549     56.999     56.556    12.7129   4.034817    34.6506    86.3093     7.8895       9.57 6.7527e+00     5.4505    237.210     5.4134  0.3245802 2.4123e+03          1         59 0.0000e+00
   39.77046  -70.99628    12.8556   4.054280    34.7055     57.950     57.499    12.8504   4.053336    34.7012    86.5207     7.8900       0.48 6.2629e+00     5.3679    233.610     5.3272  0.8020270 2.4078e+03          1         40 0.0000e+00
   39.77045  -70.99630    13.0910   4.086510    34.7961     59.059     58.599    13.0729   4.084104    34.7899    86.7325     7.8872       9.92 5.7802e+00     5.3225    231.629     5.3005  0.9805213 2.4097e+03          1         58 0.0000e+00
   39.77044  -70.99630    13.1439   4.095611    34.8337     59.931     59.465    13.1317   4.093887    34.8285    86.7171     7.8871       0.32 5.4852e+00     5.2968    230.509     5.2709  1.8186818 2.4096e+03          1         47 0.0000e+00
   39.77044  -70.99630    13.1824   4.102759    34.8659     61.051     60.575    13.1794   4.102596    34.8670    86.7564     7.8867      13.06 5.0535e+00     5.2763    229.610     5.2590  1.6622878 2.4072e+03          1         41 0.0000e+00
   39.77044  -70.99632    13.1907   4.104108    34.8706     61.907     61.424    13.1813   4.102876    34.8676    86.8136     7.8866       0.39 4.7804e+00     5.2605    228.924     5.2359  1.0705626 2.4095e+03          1         59 0.0000e+00
   39.77044  -70.99632    13.2102   4.109365    34.9021     63.007     62.516    13.2088   4.109288    34.9027    86.9523     7.8850      15.91 4.4751e+00     5.2440    228.200     5.2373  1.2558503 2.4057e+03          1         36 0.0000e+00
   39.77042  -70.99634    13.2064   4.110480    34.9158     64.013     63.514    13.2030   4.110154    34.9158    87.1183     7.8839      11.96 4.1539e+00     5.2028    226.407     5.1628  2.1973720 2.4043e+03          1         55 0.0000e+00
   39.77042  -70.99634    13.4118   4.138495    34.9919     64.992     64.485    13.3966   4.135788    34.9802    87.2251     7.8829       9.22 3.9362e+00     5.1360    223.496     5.1167  2.1824336 2.4089e+03          1         50 0.0000e+00
   39.77041  -70.99634    13.5001   4.153343    35.0506     66.041     65.526    13.4932   4.152229    35.0464    87.2824     7.8818      17.84 3.6612e+00     5.0690    220.572     5.0318  3.1754650 2.4084e+03          1         59 0.0000e+00
   39.77040  -70.99634    13.5138   4.156371    35.0662     66.974     66.451    13.5115   4.156252    35.0672    87.3767     7.8808       0.44 3.4635e+00     5.0068    217.865     4.9752  2.5957223 2.4089e+03          1         41 0.0000e+00
